067.7405417	-69.0603889
067.9460000	-69.8193333
068.7737917	-70.4241389
068.8339583	-69.8021389
068.8813333	-69.7349722
068.9256667	-69.7247778
069.1252083	-68.6265833
069.1377917	-69.3121111
069.2172083	-68.0642778
069.2352917	-68.2408333
069.4175833	-69.9608056
069.4530417	-67.2144167
069.4625417	-69.2885000
069.5788333	-69.8879167
069.6345417	-69.3526667
069.6355000	-67.6463056
069.7367917	-69.6883889
069.7457500	-68.9568889
069.7636667	-68.3097778
069.8771250	-69.2303333
069.8790000	-69.2618333
069.9704167	-69.8319444
070.1978333	-68.9856389
070.2108333	-69.7379722
070.2265417	-69.1150833
070.3010000	-68.7997500
070.3312083	-67.3355833
070.3621667	-69.6317778
070.3976250	-70.0450833
070.4149167	-70.0969722
070.4370000	-69.1154167
070.4385000	-69.7418611
070.4913750	-69.4335556
070.5080000	-70.6469444
070.5262917	-67.9698611
070.5491250	-70.2338889
070.5620000	-68.4362778
070.5661667	-69.2170556
070.6583750	-68.5164722
070.6969167	-69.8168056
070.7238750	-67.4332778
070.7567083	-70.1671111
070.7660000	-68.8568333
070.7936667	-67.2335833
070.7947500	-67.2827778
070.8368750	-69.2299722
070.8567083	-69.8970556
070.8810417	-69.6246944
070.8982500	-70.6962500
070.9180000	-69.5706111
070.9340000	-70.3040833
070.9759167	-68.8208056
071.0200833	-69.8414167
071.0254583	-70.0955000
071.1419167	-67.0726111
071.1960000	-70.2308333
071.2195000	-69.0331944
071.2222500	-69.1915833
071.2287500	-68.6393611
071.2482500	-69.8321389
071.2531667	-68.1170278
071.3068333	-68.9143889
071.3276250	-69.2773889
071.3722500	-69.1470556
071.3723750	-68.3211944
071.3924167	-69.8983333
071.3942917	-70.3708889
071.4050000	-70.2510833
071.4111667	-68.6517500
071.5045000	-69.6488333
071.5263333	-68.7755000
071.6367917	-68.7493333
071.6604167	-67.1455278
071.6604167	-66.9635278
071.6629583	-70.2660000
071.6997083	-69.0953056
071.7355000	-68.1285556
071.7540417	-70.0979167
071.7787500	-69.2942778
071.7962083	-67.6674444
071.8058750	-66.6504167
071.8120000	-69.9965000
071.8177917	-69.8505000
071.8335417	-69.4869167
071.8335833	-69.9450000
071.8450833	-69.4361389
071.8506250	-69.7219722
071.8791667	-69.5133056
071.8795417	-68.9246389
071.9363333	-70.2020278
071.9422917	-68.3304167
071.9482083	-67.8660833
071.9908750	-70.3259722
072.0037500	-69.3207778
072.0082083	-67.8081389
072.0181667	-69.3071944
072.1113333	-67.5464167
072.1211250	-70.4786944
072.1287500	-68.5619167
072.1425417	-70.1711944
072.1426667	-69.3472778
072.1442917	-67.5298333
072.1483333	-67.5833333
072.1901667	-70.0059167
072.2037500	-66.7339167
072.2109167	-70.2480833
072.2139583	-69.3563333
072.2337917	-68.9018611
072.2359167	-68.9535000
072.2457500	-70.0722222
072.2673333	-69.3006667
072.2923333	-67.8648056
072.2967917	-68.9081389
072.3019167	-69.1610278
072.3043750	-70.1556944
072.3057083	-70.1499722
072.3160833	-68.1331389
072.3175000	-69.3387222
072.3207500	-69.2069167
072.3298333	-68.4745000
072.3342917	-69.9495000
072.3375833	-67.8717500
072.3435000	-69.1505000
072.3554583	-69.1306667
072.3837500	-67.7935833
072.3916667	-66.9758333
072.4000417	-70.6198333
072.4239167	-70.6272222
072.4333333	-69.5987222
072.4338750	-69.2152222
072.4377083	-68.8800000
072.4402083	-69.0729722
072.4443750	-66.9284167
072.4631667	-70.6147222
072.4710833	-68.9707778
072.4727500	-69.1500000
072.4740417	-69.7545556
072.4817083	-68.9151111
072.4880417	-69.1272222
072.4899583	-67.6937778
072.4918750	-67.9509167
072.4987500	-69.7850833
072.4999167	-67.9246111
072.5020417	-66.7316667
072.5060417	-68.5878333
072.5106667	-67.5244722
072.5132917	-68.2596944
072.5172917	-70.6207778
072.5399167	-69.6610278
072.5406250	-70.5150000
072.5597500	-68.8244722
072.5650417	-68.9980278
072.5725000	-68.7974167
072.5741667	-68.8988889
072.5791667	-69.7172778
072.5839583	-69.3304722
072.5961667	-67.1967500
072.5975417	-69.1548333
072.6105833	-70.5576389
072.6150000	-69.1323889
072.6210417	-68.1149444
072.6284583	-69.5041389
072.6361667	-68.2137778
072.6499167	-68.7420000
072.6572500	-69.1738611
072.6584583	-70.5754722
072.6748750	-69.0313611
072.6821667	-69.5290833
072.7027083	-69.0852778
072.7041667	-69.1180000
072.7106250	-69.2561667
072.7107500	-69.0911944
072.7143750	-66.9990833
072.7184583	-69.3155278
072.7252917	-69.5282222
072.7320417	-68.8945556
072.7350000	-69.2141389
072.7438333	-70.1527222
072.7557917	-69.6022222
072.7603750	-69.9137222
072.7704583	-67.3641667
072.7718333	-66.8495278
072.7797917	-70.6681667
072.7812083	-68.8404167
072.7835833	-69.3097778
072.7901250	-69.1397500
072.8013750	-67.2557222
072.8028333	-68.7380000
072.8149167	-69.0881389
072.8150000	-70.2311111
072.8248333	-69.7623889
072.8301667	-66.8477778
072.8347500	-68.3035556
072.8426250	-70.5921389
072.8462500	-70.6333056
072.8505833	-66.9594167
072.8515833	-68.6128333
072.8580833	-69.5532222
072.8657083	-69.4894722
072.8804167	-67.8125000
072.8824167	-68.2258056
072.9062083	-68.3008056
072.9082917	-68.4558611
072.9090833	-69.5531111
072.9273333	-69.6085000
072.9389167	-66.7915278
072.9489167	-67.9322778
072.9497500	-69.4903611
072.9694583	-69.0969167
072.9806667	-68.6705000
072.9838333	-69.3435278
072.9997500	-68.8908333
073.0032500	-67.6635833
073.0167917	-68.4217500
073.0231667	-69.2555833
073.0232500	-69.3907778
073.0256250	-69.7692500
073.0320833	-69.6141389
073.0395000	-69.0761111
073.0498333	-68.7282778
073.0521667	-69.4243889
073.0555833	-68.8565833
073.0555833	-69.8672222
073.0580417	-69.0117222
073.0609583	-66.5923056
073.0640000	-68.8291111
073.0654167	-70.2420278
073.0758750	-68.3128333
073.0810000	-69.3837222
073.0827083	-69.0914167
073.0999583	-69.3556667
073.1025833	-69.3480000
073.1031667	-70.6258611
073.1098333	-68.3618056
073.1110000	-69.1696944
073.1140417	-69.5152222
073.1157500	-66.7693333
073.1192083	-68.9609167
073.1332500	-69.7390000
073.1355000	-68.9203611
073.1362917	-69.2997500
073.1491250	-67.5542778
073.1648750	-69.8215556
073.1800417	-68.7829444
073.1848333	-68.4289167
073.1928333	-67.6342778
073.1957917	-68.7368333
073.1985000	-70.0126667
073.1986250	-68.3487222
073.2004167	-68.6460833
073.2025417	-69.2086667
073.2086667	-68.1926389
073.2091250	-69.0721389
073.2098333	-68.5100556
073.2157083	-66.9682222
073.2170833	-69.2404722
073.2202917	-68.0236944
073.2258750	-69.2764167
073.2289583	-68.8026111
073.2391250	-68.2908611
073.2396667	-69.5543611
073.2398333	-67.4173889
073.2508750	-68.9996111
073.2521250	-68.8970278
073.2542500	-69.3794722
073.2543750	-68.5403333
073.2621250	-68.9078889
073.2813750	-68.2169444
073.2872500	-70.1378333
073.2885833	-68.2112500
073.2927917	-70.2191389
073.2949583	-67.0114167
073.2955000	-67.6058611
073.2970417	-69.0416389
073.3063333	-69.6523333
073.3133750	-68.8847778
073.3145417	-68.2768333
073.3156667	-68.9545278
073.3201667	-69.6715556
073.3298750	-66.9334722
073.3411250	-69.1555833
073.3493750	-68.5391944
073.3591250	-69.5954444
073.3642083	-70.1817500
073.3691250	-69.0298611
073.3717917	-66.9540000
073.3737500	-69.6213333
073.3797917	-70.0235278
073.3823750	-69.2816389
073.3899583	-67.3688056
073.3906667	-69.7593333
073.3959583	-66.6486111
073.4017500	-68.6487500
073.4025833	-67.6139722
073.4039167	-68.3645833
073.4089583	-68.6672778
073.4133750	-69.5175000
073.4205417	-67.7847222
073.4279167	-70.3863611
073.4340000	-69.6131389
073.4402083	-69.3912778
073.4421250	-67.3787778
073.4445000	-68.5383333
073.4454583	-69.3202500
073.4497917	-69.1459722
073.4573333	-69.5682500
073.4943750	-67.1403889
073.5047083	-69.3143889
073.5052083	-70.1093333
073.5062083	-70.2239444
073.5144167	-68.8671389
073.5144583	-70.5034167
073.5234167	-68.9253333
073.5393333	-70.1203889
073.5470833	-69.5632500
073.5538750	-67.8250833
073.5573750	-68.0348333
073.5584167	-69.7993056
073.5614583	-69.0371944
073.5760833	-70.4428889
073.5782083	-68.8449167
073.5872917	-68.0640278
073.5888333	-68.5855000
073.5905417	-69.2284167
073.5905417	-69.7944722
073.5929167	-69.4018056
073.5962917	-69.1900556
073.5990417	-70.9016111
073.6015417	-70.9233889
073.6020833	-68.7754722
073.6170833	-68.4984444
073.6403750	-70.3267500
073.6520417	-71.2567222
073.6550417	-69.5606389
073.6587917	-68.0725278
073.6595417	-68.2872500
073.6614167	-68.6104167
073.6690000	-71.1968611
073.6826250	-70.8344722
073.6851250	-68.3971389
073.6857500	-69.7216111
073.6870833	-69.5275278
073.6946250	-68.8297500
073.6955833	-67.1471389
073.7067083	-69.2416389
073.7089167	-69.2367500
073.7159167	-68.1968611
073.7168333	-68.4203611
073.7179583	-69.2445000
073.7188750	-69.1743889
073.7197500	-69.2339167
073.7252083	-68.5416389
073.7260417	-67.2266944
073.7274167	-68.8622778
073.7292083	-69.2369167
073.7306667	-70.2563611
073.7318750	-68.9403056
073.7341250	-68.7042778
073.7520000	-67.2445278
073.7552083	-69.6722500
073.7555833	-70.1800556
073.7560000	-71.0373889
073.7568750	-69.3404167
073.7577500	-68.7559444
073.7589167	-67.9998611
073.7682500	-69.7730000
073.7762500	-67.4758333
073.7768750	-68.7975833
073.7776667	-71.0816389
073.7784583	-69.0749444
073.7915000	-69.1150556
073.7962500	-71.0273611
073.7985000	-69.3290000
073.8015417	-66.7513333
073.8027917	-69.8037778
073.8099583	-66.9760833
073.8175833	-68.2053056
073.8210417	-69.3371667
073.8371250	-67.0788889
073.8392500	-68.6665278
073.8431667	-67.8719444
073.8433750	-68.8218889
073.8462500	-69.5970278
073.8498750	-68.5436111
073.8562083	-68.5415000
073.8627083	-67.4900000
073.8804167	-68.8835000
073.8833750	-67.8594722
073.8898750	-70.2686389
073.8918750	-68.9463889
073.8945833	-69.8365278
073.8961667	-68.6898333
073.9199167	-67.4300000
073.9227500	-68.1154167
073.9259583	-70.7564722
073.9277917	-71.2183333
073.9343333	-69.1560556
073.9376667	-69.1588889
073.9397083	-69.1998056
073.9404167	-68.9230556
073.9420417	-68.8558056
073.9435000	-67.4537222
073.9517917	-68.7965833
073.9557083	-69.3496944
073.9565833	-66.7676111
073.9646667	-66.6706944
073.9685833	-68.8211111
073.9701667	-69.2888333
073.9731667	-68.6207222
073.9837083	-69.5814722
073.9858333	-68.4093056
073.9863333	-67.2976389
073.9950833	-70.0692778
073.9954167	-66.6221667
074.0003750	-68.5012778
074.0196667	-67.8443333
074.0226667	-68.0110278
074.0254167	-68.8071111
074.0273333	-68.0645556
074.0356250	-68.1043889
074.0472083	-69.8316111
074.0484167	-70.9350000
074.0524167	-67.4133889
074.0639167	-69.4510556
074.0675417	-68.6820278
074.0749167	-68.2741111
074.0808333	-68.5666389
074.0874583	-68.7933333
074.0922083	-70.3814722
074.0945417	-68.9618611
074.0971250	-66.6836944
074.1016250	-69.3158889
074.1074583	-67.8880556
074.1145833	-69.3796111
074.1148750	-70.1701944
074.1235833	-68.8894722
074.1337083	-66.9051111
074.1395000	-67.2934722
074.1397917	-70.1557778
074.1428333	-70.1105556
074.1450833	-69.9655000
074.1540417	-69.4523333
074.1612500	-69.3008056
074.1632917	-68.6346389
074.1670000	-68.6727778
074.1708750	-68.5863611
074.1733750	-68.8109444
074.1782917	-69.2574444
074.1784583	-69.4986667
074.1811667	-67.6524722
074.1847917	-66.8824444
074.1875833	-68.5153889
074.2010417	-69.4225278
074.2143750	-68.6950833
074.2187500	-70.4300000
074.2192500	-68.1765278
074.2230833	-69.6318333
074.2287500	-70.4303889
074.2562500	-68.2532500
074.2565833	-67.4913611
074.2575000	-67.9952222
074.2693333	-68.5717500
074.2699583	-67.1265833
074.2863750	-69.8870556
074.2884583	-69.6223333
074.2887083	-68.8928611
074.3014167	-67.3825833
074.3032917	-68.6831389
074.3062083	-68.6848611
074.3157500	-68.2965556
074.3191667	-70.7832222
074.3265417	-69.9000556
074.3314167	-68.8213056
074.3335833	-69.2972222
074.3412917	-67.8548333
074.3416250	-68.2093333
074.3472500	-69.1555833
074.3547083	-69.5672778
074.3593750	-66.7235833
074.3635000	-69.3551667
074.3639167	-68.6012778
074.3696667	-69.2269167
074.3804167	-67.0790556
074.4135833	-69.6554444
074.4142500	-68.0224444
074.4202500	-68.5664167
074.4217500	-69.4054722
074.4217917	-68.8001111
074.4295833	-68.4671667
074.4302083	-66.8021111
074.4314167	-70.0535556
074.4379167	-70.6016111
074.4404167	-68.2393056
074.4405833	-69.0625278
074.4424583	-70.2893889
074.4465833	-68.3904722
074.4516667	-68.1249722
074.4551667	-68.7199444
074.4589167	-68.9895833
074.4619583	-67.8385833
074.4626250	-69.9582500
074.4633750	-68.3042222
074.4824167	-70.2036389
074.4863750	-68.8160000
074.4895417	-70.5450556
074.4897083	-66.9624167
074.5017083	-66.9065000
074.5068333	-68.2476111
074.5172500	-69.4651944
074.5232083	-69.4543333
074.5290417	-67.2742222
074.5450000	-69.9496944
074.5512083	-68.2438889
074.5536667	-69.2027500
074.5632917	-68.9711389
074.5645833	-68.1440556
074.5692917	-70.6297778
074.5771250	-69.3669722
074.5784167	-69.1170833
074.5952083	-71.0424722
074.5987083	-67.8992778
074.6106250	-67.9293333
074.6111250	-70.8305556
074.6133750	-70.5813889
074.6178750	-68.9662500
074.6200417	-69.1754722
074.6327083	-68.9852778
074.6365833	-70.3460278
074.6370417	-69.0408889
074.6377917	-68.7729444
074.6430833	-67.1906111
074.6494167	-69.6503889
074.6495833	-68.4512500
074.6497917	-66.6982778
074.6505417	-70.1106667
074.6530833	-70.9311667
074.6536250	-69.5314167
074.6687917	-67.1009167
074.6719167	-68.8651944
074.6727083	-69.5257778
074.6779583	-67.9654444
074.6793333	-70.8910000
074.6802917	-68.7303889
074.6863333	-69.4830000
074.6962917	-70.0615833
074.7010833	-67.3188611
074.7025833	-70.1488889
074.7032500	-68.0997778
074.7068333	-71.3204167
074.7069583	-69.4915833
074.7109167	-69.0704722
074.7209583	-68.8519722
074.7321667	-69.2665278
074.7437500	-68.3184444
074.7513333	-68.0527778
074.7573333	-69.0434722
074.7623333	-68.3692222
074.7678333	-70.9433611
074.7704583	-69.5924167
074.7732917	-70.1643056
074.7802500	-67.7252500
074.7803750	-67.3511667
074.7885833	-67.7504722
074.7944583	-70.1706389
074.7977500	-70.3701111
074.8015417	-71.0412778
074.8070417	-67.2636944
074.8084583	-70.2648333
074.8133750	-70.0584444
074.8172917	-69.1367778
074.8228333	-69.2383611
074.8229167	-68.5548889
074.8255417	-69.8809167
074.8310000	-66.8931111
074.8368750	-68.1479722
074.8540833	-69.4274722
074.8567917	-69.4427500
074.8626250	-69.3777500
074.8631250	-70.4518889
074.8700833	-68.8634167
074.8749167	-68.9816667
074.8782917	-68.1487500
074.8792500	-69.3283611
074.8864583	-68.0126667
074.8892500	-68.2139444
074.8897500	-70.5447500
074.8959167	-70.1024444
074.9049167	-68.1466389
074.9141667	-67.4302778
074.9214167	-69.4561111
074.9220417	-67.7380556
074.9252500	-68.1210000
074.9285000	-68.2792778
074.9378333	-69.4931944
074.9436667	-69.1945833
074.9559167	-68.0853056
074.9580000	-69.3456111
074.9651250	-66.9042222
074.9702500	-70.2770000
074.9734583	-68.4087222
074.9776250	-67.7535278
074.9787500	-68.0920833
074.9801250	-69.1574167
074.9845833	-70.4304444
074.9865833	-68.0193889
074.9877500	-70.9216667
074.9908333	-67.3052500
074.9995833	-66.6882222
075.0071250	-67.2863889
075.0144583	-69.0124167
075.0169583	-67.9684167
075.0209583	-69.1805278
075.0214583	-69.5270556
075.0225833	-69.1144722
075.0268750	-67.7184167
075.0287500	-68.9673889
075.0295417	-67.1968611
075.0313333	-66.6140833
075.0315417	-68.4500000
075.0342500	-67.8024722
075.0461250	-67.3630000
075.0475833	-67.3443056
075.0492917	-67.1470000
075.0587083	-69.4205278
075.0598333	-68.9090000
075.0670417	-70.4592222
075.0672083	-67.8207500
075.0798333	-68.8773889
075.0937083	-70.4224722
075.1003333	-69.2491389
075.1046667	-68.7706111
075.1095833	-68.7733333
075.1218750	-69.2566667
075.1356667	-70.1025278
075.1392500	-67.2416389
075.1401250	-69.0069444
075.1409583	-67.6052778
075.1442917	-66.9852222
075.1564167	-67.7595278
075.1575000	-69.0377778
075.1589167	-71.0093889
075.1612500	-68.8987500
075.1701250	-67.6781111
075.1752917	-68.6971111
075.1809583	-70.3451389
075.1859583	-68.9543611
075.1921667	-69.0818056
075.2015000	-69.5318611
075.2240417	-68.8507222
075.2267917	-67.8432778
075.2280000	-69.0616111
075.2282917	-69.5798611
075.2293333	-69.2753333
075.2298750	-66.6373333
075.2327500	-68.4391111
075.2343750	-70.4221667
075.2363333	-70.6392222
075.2384583	-70.1423889
075.2385000	-70.2169722
075.2398333	-69.6007500
075.2422917	-67.7929167
075.2479167	-69.4221111
075.2499583	-70.6644167
075.2540833	-67.1248889
075.2560417	-70.5123611
075.2586667	-69.3359167
075.2587917	-69.0936389
075.2600833	-67.6480278
075.2666250	-70.8521111
075.2700833	-68.2205833
075.2714167	-68.4516667
075.2739583	-70.8272222
075.2769583	-70.6426389
075.2798750	-70.3657222
075.2875000	-67.4796111
075.2900833	-67.8158056
075.2971250	-68.6953889
075.3058750	-68.2780278
075.3099583	-67.1641111
075.3271667	-68.8241389
075.3331250	-69.2896389
075.3343750	-67.4670278
075.3539167	-70.0717500
075.3551667	-68.3558333
075.3608333	-67.6005278
075.3797500	-67.7883611
075.3822083	-69.3885000
075.3825417	-70.6832222
075.3848750	-70.2913611
075.3850000	-67.1111944
075.3946667	-67.0433056
075.3987917	-69.7233333
075.4019583	-68.9968611
075.4103333	-68.7292500
075.4140000	-66.9643056
075.4163333	-67.4660278
075.4230417	-68.7323889
075.4258333	-69.5098333
075.4309583	-68.6616389
075.4331667	-70.7088889
075.4355417	-68.0980278
075.4455833	-68.6944722
075.4503750	-67.5229167
075.4526250	-68.8456944
075.4574583	-69.2121667
075.4609167	-66.6029444
075.4616250	-70.7082500
075.4663750	-69.3894722
075.4711250	-69.2311944
075.4711250	-70.2633333
075.4765833	-68.0325556
075.4773750	-68.9040278
075.4931250	-70.4873889
075.4964583	-68.4476944
075.4971667	-69.0886667
075.5039583	-68.9228333
075.5116667	-68.7265556
075.5117917	-68.2518333
075.5210000	-69.9955278
075.5221250	-67.5265278
075.5245000	-69.0486944
075.5299583	-66.8750556
075.5330417	-68.4854722
075.5410000	-68.8586111
075.5420000	-67.5161667
075.5425000	-70.5531944
075.5426667	-69.5399167
075.5472500	-70.3346667
075.5520417	-68.7831389
075.5532917	-70.5098056
075.5652500	-67.4210556
075.5678333	-69.4508333
075.5721250	-69.2113333
075.5724167	-70.4950833
075.5731667	-68.4754167
075.5776667	-67.5211111
075.5790000	-67.8752778
075.5805833	-68.1133611
075.5825833	-67.9582500
075.5850833	-68.7743056
075.5881667	-69.2213889
075.5909167	-70.9518889
075.5927500	-67.2748889
075.5927917	-68.8727500
075.5969583	-70.4231389
075.6072083	-66.8645556
075.6090417	-68.0465000
075.6096667	-69.2135833
075.6112917	-67.4209167
075.6117083	-67.1551389
075.6144583	-70.8120000
075.6164167	-69.2114444
075.6183333	-70.5216389
075.6236250	-68.0113611
075.6242500	-68.3255278
075.6243750	-71.0584722
075.6293333	-69.3970556
075.6315417	-66.8052222
075.6404167	-69.3138333
075.6407500	-69.3527222
075.6521250	-68.7448611
075.6547500	-66.7498333
075.6737500	-67.6946111
075.6855000	-68.8790278
075.6937083	-67.4020833
075.6948333	-70.0823611
075.7010417	-67.2399722
075.7094167	-68.2366667
075.7118750	-66.8431944
075.7147500	-68.7848056
075.7157083	-69.4255278
075.7197500	-68.8430833
075.7243333	-68.1070278
075.7253750	-70.6265000
075.7274167	-67.0668611
075.7385000	-68.6953333
075.7489583	-67.1849167
075.7490417	-69.2867500
075.7528750	-69.4442222
075.7642083	-66.7276389
075.7651250	-68.4808333
075.7728333	-68.0233611
075.7759167	-68.3603889
075.7764583	-69.1609167
075.7782917	-69.9926667
075.7818333	-69.8259722
075.7877500	-69.2233333
075.7914167	-67.5784167
075.7967500	-68.8605556
075.7972083	-67.1040000
075.8055833	-68.2797222
075.8074167	-66.7918333
075.8123333	-67.7103611
075.8173333	-70.4830278
075.8301667	-68.7504167
075.8424167	-67.4725833
075.8452083	-67.4821389
075.8485417	-69.0008889
075.8512500	-68.8582778
075.8544167	-68.7725000
075.8603750	-69.1489444
075.8610417	-67.8785833
075.8640417	-68.5395556
075.8728333	-67.8856944
075.8741250	-68.0538889
075.8775417	-68.0006111
075.8816250	-67.1522500
075.8852083	-68.4224167
075.8871667	-70.1171111
075.8892500	-66.7460833
075.9062917	-67.6528889
075.9081667	-69.0630833
075.9125000	-68.8033056
075.9150000	-70.0752778
075.9213750	-67.1688056
075.9222917	-70.6519167
075.9306667	-70.4199444
075.9417500	-66.9901667
075.9423333	-68.8767778
075.9495417	-67.4535556
075.9562500	-68.9340833
075.9597917	-70.5682222
075.9610833	-69.3466389
075.9628333	-67.4178333
075.9635833	-68.8830556
075.9643750	-68.1872222
075.9691667	-68.3158611
075.9730833	-66.7187222
075.9788333	-69.8240000
075.9841250	-67.2213611
075.9885833	-68.8400556
075.9926667	-69.4272778
076.0002917	-68.6485278
076.0079167	-70.4604444
076.0099583	-68.3587778
076.0212917	-66.8125000
076.0217083	-69.0808333
076.0324583	-70.4972778
076.0329583	-69.2096389
076.0353333	-67.5991389
076.0432500	-69.3040000
076.0484583	-70.2594167
076.0590000	-69.1031667
076.0644583	-69.0267778
076.0674583	-70.6009722
076.0755417	-68.5666389
076.0818333	-68.9303056
076.0878333	-68.7285556
076.1000833	-70.6860000
076.1002500	-70.6634167
076.1031250	-67.5798611
076.1032083	-70.1811111
076.1049583	-69.1273611
076.1108750	-67.4016667
076.1171250	-70.4042778
076.1205000	-69.1573889
076.1271250	-67.9726389
076.1310000	-69.2307500
076.1315000	-69.2136111
076.1316667	-68.3055833
076.1405833	-69.5871944
076.1449583	-69.2530833
076.1460417	-68.8767500
076.1552083	-68.2671389
076.1660833	-70.0960556
076.1709167	-69.2714167
076.1752500	-67.9545000
076.1839583	-70.2972778
076.1896250	-67.3871111
076.1896667	-68.4389167
076.1985417	-68.5896389
076.2005417	-70.3054722
076.2196667	-70.7698333
076.2207917	-67.1995833
076.2237917	-70.5759722
076.2367917	-66.9414167
076.2539167	-67.6243889
076.2615000	-70.5535000
076.2673750	-68.7446667
076.2728750	-69.2514167
076.2760417	-69.3978333
076.2812083	-70.1396111
076.2861250	-70.8289722
076.2870833	-69.2533889
076.2922917	-68.1640000
076.3104167	-68.7686944
076.3140000	-68.3212222
076.3168750	-68.7234722
076.3212083	-69.9058333
076.3266667	-70.7467222
076.3296250	-70.5346111
076.3307917	-68.0867500
076.3424583	-68.4020833
076.3447500	-67.1920833
076.3500417	-68.7005833
076.3525417	-70.5780833
076.3551250	-68.8665278
076.5622500	-68.3175278
076.3597917	-69.1930833
076.3676667	-69.3641389
076.3691250	-67.2634167
076.3697083	-70.7880278
076.3719167	-68.0840278
076.3728333	-67.9723611
076.3777083	-68.4403889
076.3837500	-68.4543333
076.3848750	-68.6922222
076.3926250	-67.0406389
076.3945417	-69.3414167
076.3946250	-70.4478611
076.4009583	-70.7705278
076.4016250	-66.8816667
076.4061667	-68.9565556
076.4208333	-67.2460000
076.4210000	-71.3251389
076.4248750	-68.8514722
076.4316667	-69.1163333
076.4332917	-68.9975833
076.4387500	-70.2624722
076.4410833	-68.2557778
076.4451250	-67.1169167
076.4547917	-66.8666667
076.4567083	-67.2198611
076.4620000	-67.5272500
076.4624167	-69.9844167
076.4629583	-71.0890278
076.4682083	-69.1583056
076.4724167	-68.1189167
076.4731667	-69.1768333
076.4763333	-70.8777222
076.4792083	-68.0931667
076.4891250	-68.4383056
076.4960000	-67.3451111
076.4966250	-66.7875000
076.5006250	-70.4562222
076.5037083	-69.1047500
076.5047083	-68.6273611
076.5114167	-68.1006389
076.5239583	-68.6978056
076.5249167	-66.9955278
076.5294167	-70.4357778
076.5297083	-66.6303611
076.5338333	-70.1879722
076.5370000	-71.2572500
076.5474583	-70.4293611
076.5617083	-66.6794167
076.5620417	-68.8657500
076.5684583	-68.7890278
076.5703750	-68.6760278
076.5763750	-69.5299722
076.5772083	-66.6457500
076.5816667	-66.5966111
076.5922500	-70.8014722
076.5952917	-67.9759722
076.6212917	-70.5176111
076.6226250	-68.9056111
076.6289167	-69.9284722
076.6402917	-70.7479167
076.6486250	-68.2170000
076.6567500	-66.7191111
076.6630000	-68.9631111
076.6648333	-70.7229167
076.6662083	-68.4201667
076.6730000	-67.2322778
076.6909583	-69.2054444
076.6998750	-70.0370556
076.7099583	-68.1111389
076.7142500	-69.6086389
076.7202500	-68.7236389
076.7207083	-68.6598889
076.7302917	-68.6372778
076.7317917	-68.2488333
076.7340417	-69.0542778
076.7365000	-66.7111944
076.7428333	-68.6114167
076.7442917	-67.6790833
076.7482083	-69.3056667
076.7487917	-68.7239722
076.7588333	-68.7108889
076.7588750	-69.1715556
076.7600417	-68.8930278
076.7643750	-69.4672778
076.7655417	-70.0681389
076.7681250	-70.6932500
076.7765833	-66.5791389
076.7825417	-68.8887500
076.7882500	-67.3329167
076.7911250	-66.6688056
076.8064583	-70.5667500
076.8122500	-68.1123333
076.8139583	-68.6932500
076.8165833	-68.8835000
076.8182500	-70.7851111
076.8235000	-66.8318056
076.8268333	-69.0264167
076.8271250	-70.7696111
076.8275000	-66.5813056
076.8308750	-70.7620000
076.8337500	-70.4542500
076.8379167	-66.8298333
076.8403750	-68.3384167
076.8436250	-70.7405278
076.8442917	-66.8157778
076.8470417	-68.6418889
076.8485000	-70.5367222
076.8517917	-70.8083056
076.8545000	-69.9638889
076.8545833	-70.8480000
076.8573333	-68.4768611
076.8578333	-70.8102500
076.8587917	-68.8888889
076.8596250	-68.4871111
076.8613750	-66.6162500
076.8619167	-70.6949722
076.8627083	-70.8451111
076.8662500	-67.2636389
076.8710833	-68.0374722
076.8722083	-66.9661944
076.8734583	-68.5205833
076.8757500	-69.2152778
076.8767083	-67.4797500
076.8882917	-70.2280556
076.8905000	-70.8063333
076.8944583	-70.8199722
076.8998333	-70.2885278
076.9028333	-68.8361389
076.9030000	-69.2127500
076.9069167	-67.7798611
076.9105417	-70.8072222
076.9204167	-70.2973333
076.9255417	-69.2466944
076.9350417	-68.5890556
076.9528333	-68.6341111
076.9585000	-69.0457222
076.9849583	-66.6292778
076.9898333	-70.7777500
076.9965833	-67.1989167
076.9975833	-71.2858889
077.0044167	-67.0214167
077.0107083	-68.1075833
077.0115000	-68.6090556
077.0210417	-67.7467500
077.0229583	-70.6391944
077.0235833	-68.5815000
077.0239167	-70.3811667
077.0281667	-70.8554722
077.0302917	-68.6855833
077.0305833	-68.0776944
077.0353333	-67.9417222
077.0377917	-66.6970000
077.0401250	-69.2631389
077.0410417	-67.3393611
077.0412083	-68.1771667
077.0430000	-71.0299444
077.0509167	-67.8546667
077.0522083	-66.8608889
077.0735833	-70.1912500
077.0761250	-68.7797500
077.0772500	-70.4980000
077.0812917	-70.6144167
077.0838750	-70.7291389
077.0860833	-69.1712222
077.0884167	-69.1214722
077.0903333	-66.7526389
077.1102917	-70.5953056
077.1109167	-69.3546111
077.1112917	-70.4931944
077.1127083	-69.3552500
077.1182500	-68.4931389
077.1265000	-69.1285000
077.1275417	-69.1462500
077.1292917	-68.2088611
077.1395833	-70.4482778
077.1469167	-68.8165278
077.1531667	-70.3165000
077.1602500	-68.5115000
077.1762083	-67.2300833
077.1796667	-68.7591667
077.1815417	-69.1406667
077.1832917	-68.7577778
077.1863333	-68.0069722
077.1927500	-68.7610278
077.1938750	-68.1754444
077.1940833	-69.8703056
077.1974167	-66.8619444
077.2015417	-66.9178611
077.2037500	-69.6538889
077.2064167	-68.9997500
077.2105833	-70.7797222
077.2112500	-71.3119167
077.2212917	-67.8450833
077.2257917	-70.1020278
077.2262083	-69.2426944
077.2288750	-68.7194444
077.2325000	-70.1023333
077.2402083	-68.8497778
077.2402500	-70.6840833
077.2443333	-68.9714444
077.2633333	-71.0773056
077.2682500	-70.3650278
077.2788333	-70.3510000
077.2791667	-69.4892500
077.2806250	-67.0238056
077.2825417	-67.0202222
077.2835833	-68.9451667
077.2913750	-68.5830278
077.3014583	-70.8637222
077.3130000	-69.1506944
077.3164167	-68.7415556
077.3241250	-68.6525278
077.3250417	-69.2990833
077.3264583	-68.2995556
077.3339583	-70.4575000
077.3347083	-70.5476944
077.3353333	-68.8514722
077.3383750	-70.8230278
077.3445000	-69.1215278
077.3570833	-69.3187778
077.3619167	-68.8433333
077.3622917	-68.9035278
077.3640417	-66.6681667
077.3643333	-68.0680000
077.3708333	-68.0503611
077.3740000	-68.9709722
077.3743333	-68.3554722
077.3762500	-66.7374167
077.3908333	-70.7109444
077.4040000	-68.0454444
077.4063750	-70.2919167
077.4095417	-70.2370278
077.4295000	-68.6164722
077.4373750	-67.6065833
077.4487917	-68.9455556
077.4496250	-66.5961389
077.4561250	-69.2855833
077.4589167	-68.5216389
077.4683750	-69.2081944
077.4730417	-68.9844167
077.4830417	-68.8202500
077.4847500	-68.9946111
077.4969583	-69.1446111
077.5022083	-66.6989167
077.5078333	-69.1288889
077.5083750	-69.4552222
077.5123333	-69.0211389
077.5185417	-68.8915556
077.5224583	-68.9254722
077.5342083	-68.9408333
077.5500833	-68.1705278
077.5557917	-66.5835278
077.5640417	-68.3409167
077.5745417	-69.3681111
077.5780417	-70.0836944
077.5834167	-69.6192222
077.5906667	-70.7779167
077.5935417	-67.1461111
077.5966667	-67.9729444
077.5984583	-67.8675833
077.5990833	-69.1696389
077.6105833	-69.4977222
077.6185833	-69.8879167
077.6225000	-70.4595000
077.6351250	-67.2321667
077.6398750	-67.0609167
077.6437917	-69.2288889
077.6504167	-69.1382778
077.6511667	-67.8571111
077.6552917	-71.2950833
077.6560000	-69.2519167
077.6577500	-71.2950833
077.6673333	-67.5326944
077.6817917	-70.4809722
077.6883333	-69.1078333
077.6911667	-70.1176944
077.7069167	-66.8542500
077.7104167	-70.2048333
077.7177917	-69.9061944
077.7224583	-68.8402500
077.7286250	-69.0595000
077.7345417	-69.0321389
077.7512917	-70.0001111
077.7670000	-69.2994167
077.7714167	-70.5970000
077.7725417	-70.5095556
077.7754583	-69.1054167
077.7918333	-66.5996944
077.7948333	-69.3103333
077.7972083	-69.2083056
077.8065833	-67.8081111
077.8082917	-69.9921667
077.8295833	-68.0012778
077.8326250	-68.5520278
077.8382083	-69.0221944
077.8481667	-70.9350278
077.8492917	-71.3120000
077.8496250	-66.5962778
077.8742500	-69.6357222
077.8782917	-70.3327778
077.8804583	-68.2287222
077.8808333	-68.5914167
077.8911667	-66.6583889
077.8967083	-69.2498889
077.9067500	-69.7550556
077.9072500	-68.0806389
077.9096250	-66.5866389
077.9161667	-68.8326667
077.9227917	-70.5561389
077.9240833	-70.7374722
077.9410000	-69.8005000
077.9437500	-70.0003611
077.9532917	-68.7730278
077.9592917	-68.5164167
077.9660000	-68.1123889
077.9719167	-69.1134722
077.9856667	-69.2032778
077.9865000	-70.3160556
077.9887500	-70.6724444
077.9900833	-67.7771111
077.9916667	-71.1482222
077.9957917	-69.0573056
077.9997917	-68.8120278
078.0040000	-71.0405556
078.0081250	-68.8441667
078.0124167	-68.9528056
078.0272500	-69.2184444
078.0275833	-66.5884444
078.0330000	-68.8673611
078.0347917	-68.5363333
078.0470833	-67.7512222
078.0555417	-69.1979444
078.0665417	-69.1082778
078.0669167	-69.3354167
078.0783333	-68.8791944
078.0857917	-69.3791389
078.0946667	-69.9587222
078.1054167	-68.8598333
078.1088750	-69.2325000
078.1196250	-68.5651111
078.1408333	-71.1297778
078.1448333	-69.2095000
078.1462917	-68.4148889
078.1525417	-71.1579167
078.1726250	-66.9887500
078.1758333	-68.5831667
078.1862083	-70.5764167
078.1897917	-69.2675278
078.1917083	-69.4383611
078.1950417	-69.3558611
078.1959583	-69.1024722
078.2006250	-68.4851111
078.2015417	-70.2278333
078.2074167	-69.0139722
078.2342917	-68.9645000
078.2367083	-69.0286944
078.2402500	-69.0343889
078.2511250	-70.6502500
078.2670417	-68.7716111
078.2756250	-70.5780278
078.2765000	-69.1478056
078.2827500	-69.0525833
078.2920417	-70.4458333
078.2930833	-69.1150278
078.2975000	-71.2246111
078.2999583	-70.9375000
078.3025000	-68.5475833
078.3057500	-70.3117222
078.3089583	-67.2060000
078.3250833	-69.8790833
078.3255833	-68.7769722
078.3266250	-67.3726111
078.3366667	-68.6377500
078.3605000	-70.0821667
078.3671667	-69.1977500
078.3703333	-67.7215833
078.3791250	-69.1076667
078.3902917	-68.9519722
078.3945833	-71.1247500
078.4070417	-67.2115278
078.4090833	-69.7351944
078.4098750	-70.3416944
078.4318750	-70.5624167
078.4436250	-69.1465833
078.4549583	-69.0951667
078.4552500	-69.9646389
078.4578750	-69.2006667
078.4600417	-70.4344722
078.4601250	-69.0836944
078.4699583	-69.5802222
078.4707917	-69.3603611
078.4736250	-67.0635278
078.4743333	-69.7357778
078.4850000	-69.0154722
078.4850833	-67.1563611
078.4865833	-69.2657778
078.4905000	-68.9840278
078.4977917	-66.6131389
078.5049583	-67.6811944
078.5075833	-69.3307778
078.5133750	-66.8907778
078.5171667	-66.6040556
078.5262500	-69.0739167
078.5312500	-69.0202778
078.5338750	-68.6035833
078.5454583	-68.9087500
078.5460417	-68.9262500
078.5474167	-69.3574167
078.5531250	-70.2273889
078.5622083	-69.0387778
078.5635417	-70.4235278
078.5675833	-69.3298333
078.5701667	-68.9036944
078.5785000	-69.3458611
078.5807500	-69.4900556
078.5964583	-66.6006389
078.6064583	-69.4172500
078.6112083	-69.7171111
078.6211667	-69.7066389
078.6231667	-68.9098333
078.6344583	-68.6570000
078.6521250	-69.1247500
078.6562917	-70.7692222
078.6623333	-69.5077222
078.6675000	-70.1364444
078.6679167	-68.9092500
078.6707500	-66.6140833
078.6731667	-70.9699444
078.6732083	-70.7088889
078.6774167	-69.5156944
078.6810000	-69.0739167
078.6911667	-69.3328333
078.6922083	-69.3421667
078.7038750	-68.9338333
078.7063333	-69.2113611
078.7117917	-68.8413333
078.7173750	-68.8177778
078.7232500	-71.1910278
078.7252917	-69.0542778
078.7376250	-68.9441111
078.7540833	-66.6278889
078.7547500	-68.9792778
078.7600000	-69.1285833
078.7634167	-69.4235833
078.7661667	-68.1464167
078.7692083	-70.1194167
078.7695000	-69.2251667
078.7715000	-68.9775000
078.7767083	-69.6646667
078.7783333	-69.0275833
078.7787083	-70.0304167
078.7816667	-68.6066111
078.7885000	-68.9803333
078.7900833	-66.7423333
078.7934167	-69.3827778
078.7950833	-69.5396667
078.7968333	-68.1847500
078.7977083	-69.2521111
078.8066667	-68.8805833
078.8111667	-69.0862500
078.8157917	-70.8437222
078.8161250	-71.6229722
078.8202917	-69.1358333
078.8209167	-70.6928611
078.8261250	-69.1104722
078.8282500	-69.2255556
078.8330833	-69.4400000
078.8348750	-71.6732222
078.8351667	-69.4118611
078.8356667	-70.9999444
078.8392500	-69.0836389
078.8403750	-71.0422778
078.8475417	-69.0794722
078.8506667	-70.1810556
078.8529167	-69.1056111
078.8572083	-69.3409167
078.8590000	-68.7173056
078.8596667	-71.4043889
078.8676250	-69.2327222
078.8700833	-69.3513889
078.8705833	-70.0153611
078.8795417	-69.3011389
078.8811250	-68.8364167
078.8916667	-70.2857500
078.8940417	-66.6467222
078.8978750	-68.9520278
078.8989583	-69.7633333
078.8993333	-70.5077222
078.9052500	-69.1378889
078.9059583	-69.5081111
078.9098750	-69.2555000
078.9166250	-71.6989722
078.9187500	-69.0744167
078.9228333	-66.7000000
078.9292917	-67.5113889
078.9319583	-69.0487500
078.9346667	-71.2182222
078.9395000	-69.3674722
078.9415833	-69.2417222
078.9500417	-69.9176111
078.9541667	-69.0719722
078.9563750	-68.6978333
078.9576667	-69.5079444
078.9592500	-71.0025278
078.9652083	-68.6788889
078.9684583	-69.4711111
078.9741667	-69.0397500
078.9760000	-70.5312222
078.9875000	-69.3628889
078.9877083	-68.6922500
078.9885000	-66.9581944
078.9917917	-69.0870278
078.9918333	-69.7120833
078.9926250	-70.8459444
078.9926667	-68.9702778
078.9941667	-69.6357222
078.9994583	-69.7932778
078.9995833	-69.0749167
079.0009167	-69.5381667
079.0018333	-68.9519722
079.0026250	-70.1306667
079.0031667	-71.5190556
079.0039583	-71.6645000
079.0136667	-69.4744722
079.0146667	-67.3071667
079.0160000	-69.2478889
079.0166250	-70.1331667
079.0189583	-68.9973333
079.0273333	-69.4736944
079.0274583	-68.7294722
079.0304167	-69.3464167
079.0334167	-69.0310833
079.0410833	-69.5443056
079.0441667	-71.1490833
079.0455833	-70.2933333
079.0458750	-69.3013889
079.0471250	-69.4332500
079.0491667	-69.2571944
079.0612500	-69.0424167
079.0648750	-68.4750833
079.0656250	-68.9618889
079.0693750	-70.1686389
079.0730833	-69.1553889
079.0817500	-69.3056111
079.0980417	-68.5907500
079.1035417	-70.5526944
079.1055417	-68.8308611
079.1070417	-69.4984167
079.1183333	-69.4265278
079.1190833	-69.6091389
079.1213333	-69.5356389
079.1233750	-71.8845833
079.1332500	-69.6567778
079.1450000	-68.6245000
079.1513750	-70.6637500
079.1627917	-69.3619722
079.1649583	-69.2431389
079.1717917	-69.7115556
079.1721250	-71.6075278
079.1808333	-69.2698889
079.1830417	-70.5920556
079.2106250	-69.3249167
079.2194167	-69.3677500
079.2196250	-69.0323611
079.2287083	-69.3306667
079.2316667	-69.1471111
079.2350417	-69.6555000
079.2444167	-69.3938889
079.2480417	-70.5751111
079.2493750	-69.3350000
079.2547500	-69.5099444
079.2560833	-69.2540000
079.2574167	-69.3674722
079.2584583	-69.6476944
079.2596250	-68.8212222
079.2728750	-69.0142222
079.2790000	-70.1068333
079.2812083	-69.2269167
079.2827917	-71.5297500
079.2900833	-69.2205278
079.2908333	-69.3483056
079.2914583	-70.3969444
079.2917083	-68.8720833
079.3131667	-69.2478889
079.3189167	-69.2615000
079.3252083	-69.5499167
079.3255417	-69.2774167
079.3268750	-69.6963611
079.3356250	-69.1580556
079.3471667	-69.1842222
079.3495000	-68.7928333
079.3530833	-69.3493333
079.3605833	-69.3351944
079.3753750	-70.2084444
079.3780417	-69.2006389
079.3823750	-69.4198333
079.3873750	-70.0436667
079.3970417	-69.1548611
079.3987083	-69.8036944
079.3987500	-69.2670000
079.4100833	-69.7553611
079.4170833	-69.6983056
079.4194167	-69.5453056
079.4215000	-69.6905278
079.4234583	-69.3587222
079.4267500	-69.5090833
079.4292500	-69.6279167
079.4361250	-69.5996944
079.4552083	-70.4439722
079.4581250	-69.4748056
079.4632917	-69.7321111
079.4758750	-70.9213611
079.4785000	-68.4231111
079.4790417	-69.5819722
079.4802500	-69.7628611
079.4846667	-69.7892222
079.4851667	-69.5813889
079.4854167	-69.4675556
079.4854583	-69.6481667
079.4923750	-68.4966111
079.4964167	-71.6980278
079.4985833	-69.2673611
079.5035833	-69.7363889
079.5051250	-69.6208611
079.5059167	-71.1530833
079.5099167	-70.7594722
079.5146667	-69.2538611
079.5157917	-69.4266389
079.5267500	-68.9541667
079.5272917	-69.6501111
079.5290833	-69.9461389
079.5298333	-69.8291111
079.5343333	-71.5251944
079.5359583	-69.7563611
079.5366667	-69.7624167
079.5379583	-69.9417778
079.5418750	-69.8488333
079.5483750	-69.5870833
079.5569167	-69.7058056
079.5574583	-68.3251389
079.5921250	-69.3631389
079.6086250	-68.7977778
079.6119167	-69.3242778
079.6163333	-69.0571111
079.6170000	-69.4627778
079.6207500	-69.5670833
079.6232500	-69.8114167
079.6280833	-68.6673333
079.6382083	-69.9365000
079.6397083	-69.5377222
079.6476250	-69.6009444
079.6620833	-69.5879167
079.6700417	-69.6518889
079.6708333	-69.4211944
079.6745000	-69.6397222
079.6764167	-69.1875278
079.6864167	-68.9540278
079.6892500	-70.4609167
079.6902083	-69.1090833
079.7047500	-69.3581111
079.7093750	-69.2767222
079.7127917	-69.6535833
079.7134583	-69.4448611
079.7260833	-68.8347500
079.7332917	-69.4410000
079.7341667	-69.0391111
079.7349167	-69.5673889
079.7425417	-69.2795000
079.7449167	-69.1090278
079.7521250	-69.1917500
079.7574583	-69.2157500
079.7587083	-69.3549167
079.7602083	-70.2253611
079.7606667	-69.6694722
079.7805000	-69.3823333
079.7854167	-69.7890833
079.7882500	-71.8118056
079.8018333	-70.1781389
079.8018333	-69.9316667
079.8116667	-69.6050278
079.8139167	-69.6912222
079.8159167	-69.2460278
079.8216667	-69.5070000
079.8420000	-69.3257500
079.8466250	-69.1046111
079.8469583	-69.1650278
079.8559167	-69.3073889
079.8646667	-69.1001667
079.8657500	-69.5083889
079.8666667	-69.1920278
079.8683333	-70.9639167
079.8764167	-68.9602500
079.8771250	-68.6860278
079.8814167	-69.4858333
079.8834167	-70.8584167
079.8840417	-69.0797500
079.8844167	-69.6094167
079.8848333	-69.0219167
079.8876667	-70.5885833
079.8961667	-70.2276944
079.9083750	-69.6290278
079.9088750	-69.3668611
079.9103333	-68.5157222
079.9126667	-68.9778611
079.9181250	-69.5720000
079.9210417	-69.3971667
079.9324167	-69.3816111
079.9355417	-69.7761667
079.9447500	-68.5773333
079.9455417	-70.2584167
079.9459167	-69.2081111
079.9495833	-67.8467778
079.9739167	-69.2573611
079.9848750	-68.5972500
079.9875833	-69.6539722
079.9947083	-69.3209167
079.9954167	-71.7757500
079.9997083	-69.1737222
080.0065833	-70.8518333
080.0105833	-69.3984167
080.0145833	-69.4170000
080.0187917	-71.2318611
080.0187917	-69.2807778
080.0208333	-69.7109722
080.0246667	-69.8507222
080.0292500	-70.0691667
080.0377917	-68.6122778
080.0425833	-70.1519444
080.0432917	-68.9037222
080.0532083	-68.7425278
080.0585833	-70.1073333
080.0641250	-71.8248333
080.0717917	-69.5031111
080.0727083	-67.9481667
080.0772083	-70.7233611
080.0796250	-69.4460556
080.0813333	-70.7080000
080.0956667	-70.0425000
080.0958333	-69.0381944
080.0972500	-69.5733611
080.1097917	-68.7882778
080.1127917	-71.9065556
080.1192917	-69.0255000
080.1196667	-68.0771111
080.1273750	-70.7579722
080.1299583	-69.5371944
080.1493333	-68.6535556
080.1499583	-68.8224722
080.1557917	-69.5157222
080.1614583	-69.8168333
080.1700833	-71.8526667
080.1732500	-69.1263333
080.1763333	-69.5863056
080.1765000	-70.1638889
080.1768333	-70.2571667
080.1807083	-69.9730833
080.1842917	-69.9543611
080.1905417	-69.8376944
080.1937083	-69.9236944
080.1948750	-70.5185833
080.2044583	-69.0348611
080.2141667	-68.8668889
080.2181667	-69.3538333
080.2190000	-69.7253333
080.2255417	-70.2061944
080.2288750	-69.9164722
080.2292917	-69.1655000
080.2322083	-69.1307222
080.2332083	-69.8056667
080.2459583	-69.7755000
080.2484583	-69.7579167
080.2673750	-71.1409444
080.2690000	-69.5848611
080.2711667	-69.6766111
080.2722917	-68.3928611
080.2844167	-69.1416389
080.2909167	-68.7250833
080.2977917	-68.9616111
080.3019583	-69.0521111
080.3125833	-69.8260556
080.3143750	-70.0073889
080.3184583	-70.1903333
080.3185000	-69.8673889
080.3223750	-69.9178056
080.3336250	-69.6818333
080.3408750	-70.0468611
080.3433750	-70.1754722
080.3438750	-69.9411389
080.3511250	-71.5904167
080.3517500	-69.9428056
080.3548333	-69.8808611
080.3618333	-70.1440556
080.3668333	-68.0927778
080.3748750	-69.9199722
080.3830000	-69.9803611
080.3834583	-69.8517778
080.3836667	-69.8420556
080.4006667	-69.7751389
080.4050000	-69.8808889
080.4052500	-69.2795833
080.4057500	-67.8315833
080.4184167	-70.0336667
080.4189583	-69.5979722
080.4255417	-69.9391944
080.4307083	-68.5708333
080.4410833	-69.4573056
080.4454583	-69.9968889
080.4469583	-69.3446944
080.4510833	-70.5071667
080.4517500	-69.8333333
080.4567500	-70.0960833
080.4596667	-69.8331389
080.4596667	-69.7660833
080.4655833	-70.7667222
080.4662500	-71.1248611
080.4690000	-69.6664722
080.4695417	-69.6061667
080.4770417	-67.7741667
080.4774583	-69.3848333
080.4788750	-69.3639722
080.4804583	-67.7804722
080.4830000	-70.2614444
080.4835417	-69.3184722
080.4837083	-69.3488889
080.4910833	-68.6716667
080.4987500	-69.7189167
080.5013750	-70.4369444
080.5016667	-69.2925000
080.5046667	-68.8589722
080.5081667	-69.3795556
080.5090417	-69.8946944
080.5146250	-68.1197778
080.5266250	-70.2698611
080.5340833	-69.9268056
080.5355417	-70.0030278
080.5421250	-69.5716389
080.5439583	-70.5541667
080.5506667	-69.8931389
080.5510417	-70.0753333
080.5511667	-70.6693889
080.5520833	-69.5184167
080.5542083	-69.4403611
080.5581250	-69.9105556
080.5593750	-70.0082222
080.5612083	-70.1581389
080.5646667	-70.0209444
080.5681250	-68.8736667
080.5699583	-70.0050278
080.5757917	-69.0403889
080.5807083	-69.6318611
080.5871667	-69.3934167
080.5947500	-68.9581389
080.5962083	-68.6361111
080.5970833	-69.4971944
080.6067083	-69.8248056
080.6102917	-70.3626667
080.6120833	-70.0872500
080.6138333	-69.8900833
080.6199583	-70.1563889
080.6204583	-70.1528333
080.6206667	-70.1598333
080.6217500	-70.1546944
080.6224583	-70.1540833
080.6225833	-70.1728611
080.6228750	-69.5498611
080.6246667	-70.1498056
080.6255000	-70.1538333
080.6257500	-71.8206944
080.6259583	-70.1560000
080.6260833	-70.1548056
080.6322917	-69.6655000
080.6331667	-67.8890556
080.6361667	-71.6796667
080.6413333	-69.6205000
080.6451250	-69.9287500
080.6556667	-71.8984722
080.6564167	-69.6320278
080.6632083	-69.9692778
080.6661667	-71.3066944
080.6674167	-70.0110000
080.6681250	-69.5084722
080.6692500	-69.6744444
080.6710833	-69.9786389
080.6740000	-69.5847778
080.6782917	-69.8711944
080.6783333	-68.8491944
080.6799583	-70.3846667
080.6820000	-70.2698333
080.6848750	-70.1608889
080.6859167	-68.4510278
080.6907917	-67.9106389
080.7000833	-69.3341944
080.7012083	-69.7126389
080.7060833	-71.0535000
080.7106667	-69.8889167
080.7162083	-69.7918889
080.7167083	-70.1297778
080.7202083	-70.1294167
080.7247500	-69.3161667
080.7344583	-69.3330000
080.7478750	-70.5567222
080.7525000	-69.5381667
080.7527500	-70.5756389
080.7544167	-69.7498333
080.7558333	-70.2038611
080.7567500	-71.7570833
080.7603333	-71.7555833
080.7673750	-68.4768611
080.7687083	-70.5205000
080.7696667	-69.2826111
080.7700417	-69.5059444
080.7778333	-69.9885000
080.7795000	-70.4847222
080.7821250	-69.5638611
080.7876250	-70.1104167
080.7892500	-69.9690556
080.7896667	-70.2719722
080.7912500	-70.4791389
080.7930000	-70.2863611
080.7987917	-69.4781667
080.7989167	-70.8926667
080.7998750	-70.9764722
080.8032083	-70.2801667
080.8040833	-70.2797500
080.8078750	-69.6100000
080.8085833	-70.1067222
081.1044583	-70.1731667
080.8092500	-70.2298056
080.8095833	-70.0536111
080.8160833	-69.8995000
080.8205417	-70.0667500
080.8247083	-70.5752222
080.8254583	-70.2347222
080.8304583	-69.8931389
080.8427083	-71.5548611
080.8710417	-69.3104167
080.8752917	-68.8460833
080.8754583	-71.8044444
080.8790417	-69.9718611
080.8854167	-68.6830833
080.8881667	-69.7276667
080.8936250	-69.7298056
080.8961250	-70.2683056
080.8972083	-69.4605278
080.9079583	-69.9648611
080.9132083	-70.0039444
080.9401250	-71.0525278
080.9416250	-70.3079722
080.9481667	-70.5037222
080.9560417	-69.2257500
080.9636250	-69.2320556
080.9675000	-70.0583333
080.9684583	-69.1119167
080.9732083	-69.3473056
080.9800833	-71.2794722
080.9832083	-70.4921944
080.9937083	-68.5663611
080.9961667	-69.2581667
081.0173750	-69.9722222
081.0267917	-69.8061667
081.0300000	-71.1716111
081.0313333	-68.8539444
081.0394167	-69.6339167
081.0527917	-69.2690278
081.0560417	-69.5004444
081.0580833	-68.8260278
081.0710000	-69.6208056
081.0714167	-70.2020833
081.0791250	-68.0339167
081.0803750	-69.8447222
081.0840833	-69.7735278
081.0866250	-69.5743333
081.0887917	-69.8085000
081.0914167	-70.8835556
081.1027500	-69.7084167
081.1050833	-69.6035278
081.1063333	-69.7719722
081.1108333	-68.5615556
081.1183750	-68.9553611
081.1222917	-70.1662222
081.1231250	-71.6681111
081.1254583	-71.9042500
081.1274583	-69.2094722
081.1353750	-70.3215833
081.1378333	-71.0847500
081.1386250	-69.6111667
081.1402500	-69.9394167
081.1410833	-70.1585278
081.1414167	-69.9135278
081.1453333	-69.7388333
081.1455833	-70.5985278
081.1461667	-71.3555833
081.1467917	-71.1250833
081.1495000	-68.9563056
081.1512917	-70.3307778
081.1522083	-68.5967222
081.1550000	-71.9175556
081.1585833	-70.1726389
081.1625833	-69.4225000
081.1667500	-70.2538611
081.1725417	-69.7255278
081.1750833	-70.6882222
081.1811667	-69.6366389
081.1815000	-69.7726944
081.1829583	-69.5074444
081.1885833	-69.7001944
081.1955000	-70.2959722
081.2095417	-70.0660000
081.2195417	-70.0153889
081.2302083	-69.4923333
081.2330417	-69.7312778
081.2376250	-69.2257222
081.2458333	-69.3042222
081.2495833	-68.2005833
081.2610833	-69.5356944
081.2672500	-70.1081389
081.2687083	-68.9445833
081.2924167	-71.8607222
081.2938333	-70.0861944
081.2994167	-70.5721667
081.3035833	-69.9475278
081.3135417	-69.8499167
081.3214167	-69.6891111
081.3250000	-69.8271111
081.3263750	-70.7598889
081.3303750	-69.4514444
081.3343750	-70.2526111
081.3379583	-69.8381944
081.3391667	-69.8171389
081.3431250	-69.6825000
081.3457500	-69.0156111
081.3475833	-69.8757222
081.3486667	-70.4434722
081.3504583	-69.7492778
081.3575833	-68.3975556
081.3596250	-69.8305278
081.3624167	-70.3481111
081.3633333	-69.8248333
081.3640833	-69.4953333
081.3684167	-70.1996389
081.3700417	-69.9123611
081.3706250	-69.8341944
081.3720000	-69.9201667
081.3760833	-69.8710000
081.3763333	-69.8370278
081.3765833	-68.8391389
081.3810000	-69.8343611
081.3820833	-71.3713611
081.3855000	-70.2172500
081.3886667	-69.4956667
081.3935000	-69.8356111
081.3957083	-68.8387500
081.3973333	-70.4656944
081.3974167	-71.1351389
081.4110833	-70.6644722
081.4128750	-71.1110833
081.4157500	-70.0257778
081.4192083	-69.8370833
081.4216667	-69.8479444
081.4223333	-70.3823889
081.4293333	-69.1167778
081.4302083	-71.6542778
081.4320417	-68.8599167
081.4331250	-70.3526389
081.4354583	-69.8296389
081.4392500	-69.5206389
081.4454167	-67.8087500
081.4683333	-70.1217500
081.4691250	-70.0917500
081.4714583	-69.8862500
081.4787500	-69.9142500
081.4805417	-69.0698889
081.4852083	-70.1501667
081.4949167	-70.1636111
081.4964583	-69.9136111
081.4964583	-69.8206111
081.4986667	-70.7872222
081.4990000	-69.6600556
081.5012500	-70.6135833
081.5022083	-69.8926389
081.5051667	-69.5115833
081.5085417	-69.8694444
081.5093750	-69.3001111
081.5238333	-68.9952778
081.5260000	-69.8401667
081.5331250	-69.8588056
081.5498333	-69.3282778
081.5655833	-69.7012222
081.5730000	-69.6673611
081.5751667	-69.8092778
081.5781667	-70.5321389
081.5793333	-69.8024167
081.5817083	-69.8885000
081.5839583	-70.3895278
081.5872917	-71.1588889
081.5940417	-69.6020556
081.5975417	-71.0385278
081.5980000	-69.4503889
081.6061667	-69.8890833
081.6202917	-69.8555833
081.6209167	-69.7383333
081.6284167	-70.9739167
081.6323750	-69.8408056
081.6390833	-70.1155833
081.6505417	-69.8217500
081.6585833	-70.1504167
081.6686250	-71.9070556
081.6851250	-70.3247500
081.6857500	-69.8012778
081.6861250	-69.8026667
081.6938333	-71.4003889
081.6967917	-71.2810000
081.7031250	-69.8593611
081.7082917	-69.7646667
081.7177917	-70.3394444
081.7179583	-70.1412778
081.7231667	-68.4129722
081.7262500	-68.2703611
081.7311667	-70.0177778
081.7325833	-70.0798056
081.7329167	-69.9802222
081.7392917	-68.0180000
081.7432083	-70.2635833
081.7477500	-69.8529167
081.7524167	-71.6432778
081.7531250	-69.7963056
081.7549583	-71.0057500
081.7623750	-70.4709444
081.7647083	-70.0261111
081.7707500	-69.8456944
081.7743333	-70.3266389
081.7823333	-68.4952500
081.7950000	-70.2341667
081.7971667	-69.9370833
081.7987917	-69.6791667
081.7997083	-69.3049722
081.8087917	-71.8297778
081.8126250	-70.0129444
081.8159583	-69.7288333
081.8180833	-71.0344444
081.8214583	-69.9813889
081.8227083	-69.7404722
081.8377500	-70.0109167
081.8386250	-69.8720833
081.8456667	-69.8494444
081.8631667	-71.8817778
081.8647917	-69.8022222
081.8693333	-70.1752778
081.8759583	-70.1795556
081.8805833	-68.8305556
081.8859167	-69.8207778
081.8916250	-69.8562500
081.9028333	-69.8952500
081.9040000	-69.9408333
081.9066250	-69.9646111
081.9166667	-69.9293889
081.9282083	-68.6087500
081.9289167	-70.0138611
081.9311667	-70.1451389
081.9382917	-71.1684722
081.9452083	-68.0589722
081.9461667	-69.3273889
081.9519583	-68.3824722
081.9565000	-69.7715556
081.9575417	-69.0663333
081.9719583	-71.2269722
081.9782500	-71.8650556
081.9791667	-69.8010833
081.9821250	-68.4845833
081.9872083	-68.4220000
081.9904583	-69.8968333
081.9960000	-68.7722222
082.0001250	-69.6223611
082.0045000	-71.6416667
082.0135833	-69.2587500
082.0287500	-71.3945000
082.0363333	-70.3091111
082.0369583	-70.0815556
082.0473333	-69.4830278
082.0474167	-71.3786944
082.0819583	-69.9665278
082.0822500	-69.9579444
082.0858750	-70.8621667
082.0890417	-69.9897222
082.0927500	-68.8108889
082.0945833	-69.6595833
082.0953750	-69.8601111
082.0962917	-69.8677222
082.1000000	-69.6986389
082.1143750	-70.6989167
082.1152500	-68.9480833
082.1235000	-69.8768333
082.1260417	-68.6469167
082.1269583	-70.3437222
082.1307917	-69.9693333
082.1329583	-69.8483611
082.1330417	-68.9573056
082.1381667	-69.1303611
082.1395000	-69.5961389
082.1400833	-68.2030000
082.1462500	-69.8564722
082.1551250	-69.6836667
082.1558333	-69.6820000
082.1586667	-69.9671667
082.1650833	-70.0128333
082.1687500	-69.6080833
082.1712500	-69.1022222
082.1814583	-69.8342222
082.1850833	-69.8347222
082.1881667	-70.3708333
082.1894167	-69.8684722
082.1895833	-71.0048889
082.1967083	-71.8879722
082.2142917	-69.8345000
082.2232083	-70.0693889
082.2261250	-69.1703056
082.2271667	-71.0429722
082.2275000	-68.3526111
082.2285833	-70.9336667
082.2620833	-69.8902500
082.2743750	-70.0945278
082.2770833	-69.1761944
082.2844167	-67.8300833
082.2872917	-69.4036667
082.3002083	-70.4140000
082.3018750	-69.8907778
082.3043750	-70.2932222
082.3098333	-70.2913056
082.3107917	-69.5182500
082.3137917	-69.5113611
082.3210417	-69.0061111
082.3299583	-69.8315556
082.3385833	-69.1058889
082.3392500	-69.4665556
082.3417083	-69.3123056
082.3432083	-68.8440556
082.3530833	-70.3386111
082.3566250	-71.3967222
082.3622917	-71.5533611
082.3672917	-71.1566389
082.3676667	-70.1375000
082.3676667	-70.2486389
082.3727917	-71.9148056
082.3798333	-71.1435556
082.3838750	-69.2170833
082.3853750	-68.1337500
082.3885417	-69.3504444
082.3907500	-70.0091111
082.3982083	-70.0491667
082.3989167	-69.0059722
082.4000833	-69.6740833
082.4105417	-69.7914167
082.4127500	-71.6778056
082.4244167	-69.8651389
082.4277917	-70.3140278
082.4393750	-69.6161667
082.4502500	-68.9007500
082.4505000	-71.3432222
082.4518750	-69.8307500
082.4537083	-69.1642500
082.4675000	-69.6226111
082.4767500	-71.1009444
082.4900833	-69.8477500
082.4944583	-68.4224167
082.4955833	-69.7108611
082.4964167	-71.0607222
082.5017500	-70.7771667
082.5028750	-70.8362222
082.5082500	-69.1940278
082.5093333	-69.8831389
082.5167917	-69.9943611
082.5175417	-69.9461667
082.5194583	-70.6463611
082.5257500	-71.0385278
082.5375417	-68.5100556
082.5461250	-71.7681667
082.5492917	-69.8673889
082.5561250	-69.4376389
082.5566667	-68.8519167
082.5580417	-70.0636944
082.5598333	-70.8207778
082.5604583	-69.7395556
082.5627917	-71.2830000
082.5687917	-70.8249444
082.5757500	-69.8040833
082.5879583	-69.5736111
082.5954583	-70.6400556
082.5979167	-70.0022778
082.6069583	-71.6606667
082.6080000	-70.8137222
082.6125000	-69.5205278
082.6151250	-69.8088611
082.6157917	-69.9446389
082.6305833	-69.3908056
082.6357917	-70.7641389
082.6392917	-70.0859167
082.6408333	-70.8178056
082.6463750	-70.8120278
082.6492500	-70.8204444
082.6564167	-69.7784167
082.6585000	-70.5283056
082.6589167	-69.9683889
082.6628333	-70.5249444
082.6632500	-69.4287222
082.6655000	-69.9443611
082.6695417	-69.7525000
082.6741667	-69.8209722
082.6830000	-69.1003889
082.6854583	-68.3370278
082.6909167	-70.2715833
082.6910417	-68.7908333
082.6971250	-69.7617222
082.7006250	-71.1922222
082.7010000	-68.4814722
082.7020000	-69.4541667
082.7024167	-70.1748333
082.7029583	-69.8133333
082.7119583	-71.2842500
082.7167083	-69.9463889
082.7200000	-68.8402500
082.7201667	-69.7738056
082.7296667	-67.7923333
082.7325000	-70.1728889
082.7352083	-71.2494722
082.7382500	-71.5020833
082.7395417	-71.8169722
082.7430417	-69.9588333
082.7478333	-69.5920000
082.7496667	-69.8211944
082.7498750	-70.3172778
082.7537917	-69.7590000
082.7542917	-69.1084167
082.7570833	-69.1059722
082.7600417	-71.4015000
082.7613750	-69.9533611
082.7624583	-69.5353333
082.7646667	-71.4471111
082.7675833	-71.3179722
082.7710000	-70.9950556
082.7714167	-70.1681389
082.7838333	-71.5758333
082.7839167	-71.1435833
082.7868750	-70.0875000
082.7904583	-70.9971667
082.7948750	-71.8161667
082.8027917	-70.0742500
082.8040833	-69.4331944
082.8155417	-71.8701389
082.8176667	-70.3220556
082.8215417	-70.0583056
082.8228750	-69.9078611
082.8262500	-69.6073333
082.8303750	-70.0498056
082.8378333	-67.9963889
082.8408333	-70.9570556
082.8427917	-70.0593889
082.8433750	-69.8897222
082.8467083	-70.2170278
082.8526250	-70.0991944
082.8530000	-69.2881389
082.8643750	-71.1681667
082.8781250	-69.7410278
082.8918333	-69.0518333
082.8970417	-69.3185556
082.9025833	-69.9453611
082.9099583	-69.9482500
082.9115833	-69.9783333
082.9203333	-69.7508611
082.9222500	-69.9534167
082.9275417	-70.4356944
082.9284583	-70.4686389
082.9310000	-71.3720000
082.9310833	-70.0262222
082.9315417	-71.1415000
082.9345000	-69.9698333
082.9357500	-70.1480833
082.9483333	-69.9617778
082.9483333	-70.4168611
082.9490000	-71.8169167
082.9492500	-71.5080278
082.9505833	-70.0242500
082.9544583	-70.1484167
082.9601667	-69.9160000
082.9683750	-71.5398611
082.9745833	-70.3205278
082.9802083	-68.5891111
082.9832083	-69.6821389
082.9845000	-69.2427778
082.9917917	-71.3468056
083.0042500	-69.7980556
083.0105833	-69.6372778
083.0119583	-70.1715000
083.0139583	-71.6886389
083.0157083	-71.4228611
083.0174167	-70.7272500
083.0187083	-68.6213333
083.0204583	-69.3491944
083.0277083	-71.8516944
083.0314167	-70.2005278
083.0499167	-70.0052778
083.0513333	-69.0021667
083.0516667	-69.9766667
083.0650833	-70.0321667
083.0765417	-70.3797222
083.0785000	-69.7777222
083.0880417	-67.8783889
083.0945833	-69.0350000
083.0970417	-70.2146111
083.0973333	-68.9955278
083.1038333	-69.9773056
083.1105417	-69.7727500
083.1158750	-69.5715000
083.1198750	-71.0171944
083.1238750	-70.2156667
083.1346667	-70.1903889
083.1372500	-69.9969722
083.1515833	-69.9600000
083.1576250	-70.7939722
083.1579167	-70.0825556
083.1610417	-71.7401667
083.1669583	-69.3166667
083.1763750	-70.9701111
083.1812083	-70.2469167
083.1842500	-71.1142222
083.1920000	-69.8714722
083.1937083	-69.3731389
083.1947500	-71.8782500
083.1975000	-69.4250000
083.2034167	-70.2329444
083.2077917	-70.0708889
083.2181667	-71.4325000
083.2232500	-68.7091389
083.2265833	-71.7435833
083.2381250	-68.4568056
083.2392917	-70.8145000
083.2400000	-70.3765833
083.2432500	-69.8655000
083.2438750	-69.0845556
083.2540833	-68.1910000
083.2591667	-70.2592778
083.2681667	-71.6212500
083.2781250	-68.7574444
083.2795833	-71.2007778
083.2803750	-70.9235833
083.2818333	-67.7905833
083.2953750	-68.9160278
083.2962083	-69.9728056
083.3057917	-69.8713056
083.3068750	-69.9155833
083.3073750	-71.8083056
083.3183750	-70.0649444
083.3268333	-70.1676111
083.3370833	-68.5579167
083.3403333	-71.4883333
083.3413750	-68.5900278
083.3449583	-69.9555278
083.3455000	-70.9954722
083.3475417	-71.6295278
083.3579583	-69.6324444
083.3585833	-68.1653056
083.3607917	-69.9425278
083.3670833	-71.0024722
083.3741250	-69.6191667
083.3741250	-70.2763611
083.3749167	-70.6727778
083.3764583	-68.7891111
083.3781250	-71.1518611
083.3812083	-69.0147500
083.3947917	-68.6766111
083.3968333	-70.9751111
083.4026667	-69.7548611
083.4035000	-69.9046667
083.4084583	-70.9948889
083.4132083	-71.2721667
083.4140833	-69.9152778
083.4157500	-69.9050833
083.4182917	-70.9867500
083.4186250	-69.8830833
083.4186250	-70.9824167
083.4190833	-70.9876944
083.4221250	-71.2841111
083.4226250	-70.9868333
083.4227083	-71.4414167
083.4236667	-70.9882778
083.4238750	-68.8728333
083.4257083	-70.9883611
083.4267083	-70.9809167
083.4267917	-70.9813333
083.4270000	-70.9876111
083.4291667	-69.8537222
083.4298750	-70.9809167
083.4334167	-68.3728333
083.4377917	-70.9931944
083.4403333	-69.7274722
083.4404167	-68.4896389
083.4454167	-69.9095833
083.4523333	-69.7535278
083.4578333	-70.3778611
083.4592083	-70.5997222
083.4619167	-70.9939444
083.4624583	-69.2014167
083.4690000	-71.1277222
083.4768333	-70.0486389
083.4802083	-69.9122222
083.4811250	-71.8139722
083.4864167	-68.8912778
083.4896250	-69.5662222
083.4907083	-70.8718333
083.4912500	-70.1128056
083.4984583	-70.1800833
083.4993333	-70.2866389
083.5015833	-70.1710278
083.5038750	-68.6811944
083.5097500	-69.4123333
083.5105833	-70.9941111
083.5165000	-68.6531389
083.5200417	-68.6412778
083.5265000	-69.6099444
083.5294583	-71.4833889
083.5314583	-68.7268611
083.5437083	-70.1955833
083.5585833	-70.9987222
083.5650417	-69.5732778
083.5682083	-70.2704167
083.5775417	-69.8940556
083.5804167	-70.9789167
083.5815417	-67.9928611
083.5815417	-70.0000833
083.5856667	-69.1230833
083.5862083	-70.5967222
083.5883333	-67.8171389
083.5947917	-68.1477778
083.6123333	-69.0424167
083.6128750	-71.3120556
083.6161250	-69.8171667
083.6169167	-69.9031389
083.6183333	-70.6270278
083.6189167	-68.9502778
083.6220833	-70.1989167
083.6328333	-69.7541111
083.6361667	-69.3217222
083.6375417	-68.8372222
083.6435417	-69.9017778
083.6444167	-70.3056111
083.6500417	-71.4604167
083.6604583	-70.0788611
083.6635833	-70.0731111
083.6644583	-70.7619167
083.6650833	-68.8100000
083.6669583	-68.1113056
083.6732083	-68.6906667
083.6755000	-70.5616389
083.6857083	-68.7021944
083.6878333	-69.2335278
083.6879167	-69.9888056
083.6975833	-69.9143056
083.7006250	-70.1822222
083.7161667	-69.4016944
083.7338333	-69.6795000
083.7379167	-70.9168056
083.7442917	-70.4418611
083.7454167	-70.1967500
083.7475833	-71.2093889
083.7495417	-69.8999167
083.7576667	-69.6168611
083.7593750	-69.5858333
083.7677917	-71.3986667
083.7871250	-71.5584444
083.7909167	-70.2459167
083.7945000	-69.6703889
083.7968750	-70.2851667
083.7973750	-69.9630278
083.7986667	-68.7629444
083.8090417	-70.1044722
083.8095000	-70.1520000
083.8143333	-70.7400833
083.8319583	-70.3230000
083.8355000	-69.9861111
083.8374167	-70.9905000
083.8396667	-70.1167222
083.8416667	-69.9688889
083.8464167	-71.1547778
083.8513333	-69.9568889
083.8537917	-68.6836667
083.8541250	-70.2544722
083.8562500	-68.7750278
083.8639583	-71.1444444
083.8648750	-70.2037222
083.8660417	-71.0451667
083.8737083	-70.0695556
083.8763333	-69.0235000
083.8781667	-69.9682500
083.8811250	-71.2621667
083.8824583	-69.7228333
083.8835417	-70.1348889
083.8845000	-70.1553056
083.8855417	-70.2734444
083.8887083	-70.1448611
083.8898333	-70.9913611
083.8926250	-70.0995278
083.8948750	-70.1125833
083.8953750	-70.0903333
083.8956667	-70.2425556
083.8958750	-69.5750278
083.8997083	-71.1108611
083.9005833	-68.5343889
083.9102500	-69.7253611
083.9113333	-70.2390833
083.9152917	-70.2402500
083.9175417	-70.2386667
083.9239167	-69.0846944
083.9256250	-70.2418611
083.9264583	-70.6676389
083.9341667	-70.1723333
083.9346250	-70.2342500
083.9357917	-71.1923611
083.9409167	-71.0251667
083.9515417	-70.0641944
083.9537917	-69.9442500
083.9599167	-70.2638611
083.9659583	-70.0671944
083.9674167	-70.1921667
083.9720417	-71.2601944
083.9726250	-70.0343611
083.9744583	-68.6594444
083.9807500	-70.0081111
083.9817917	-68.9933889
083.9819167	-70.2031944
083.9859583	-70.0809444
083.9900417	-70.1396667
083.9943750	-70.8821389
083.9966250	-70.0736667
084.0166250	-69.5241944
084.0186667	-70.0321111
084.0221667	-70.0742778
084.0283333	-68.8203889
084.0303333	-71.0111944
084.0315000	-71.0100000
084.0371250	-69.8349167
084.0412917	-70.1566944
084.0477917	-70.4946944
084.0501250	-69.3625000
084.0555417	-69.4420000
084.0585000	-69.9390000
084.0702083	-70.5155833
084.0705833	-69.9042500
084.0745833	-71.2450833
084.0752083	-70.2235000
084.0774167	-70.0115833
084.0779583	-69.6683056
084.0808333	-70.2234167
084.0830000	-70.3576667
084.0896250	-70.1105278
084.0957500	-68.8169444
084.0961250	-70.0687222
084.0965417	-70.0520556
084.0993333	-70.9839167
084.0993750	-69.9015556
084.1063333	-70.2483611
084.1065000	-70.0901944
084.1090000	-70.1694444
084.1130000	-69.6797778
084.1141667	-68.1378889
084.1175000	-69.8208889
084.1179167	-70.3680556
084.1188333	-69.6737500
084.1205833	-70.3859722
084.1239583	-70.3780278
084.1240833	-70.1185278
084.1256250	-69.9641944
084.1307500	-69.4714167
084.1405417	-70.1637222
084.1427917	-70.0890000
084.1459583	-70.2614444
084.1496667	-70.1539167
084.1522500	-70.1517500
084.1634167	-67.9962500
084.1635000	-70.2676667
084.1795000	-70.1752222
084.1815833	-71.4237222
084.1870000	-70.6607778
084.1918333	-70.9585278
084.1946250	-69.3700556
084.1957917	-70.1603889
084.1963750	-69.2367222
084.2081250	-70.6094722
084.2125000	-70.1645833
084.2162083	-70.1621944
084.2167083	-69.3695000
084.2180000	-71.1069722
084.2181667	-70.2559722
084.2192917	-70.1599722
084.2196667	-70.1585000
084.2201250	-70.2021667
084.2215417	-70.1642778
084.2215833	-71.1356111
084.2225000	-70.1620000
084.2236667	-70.1067500
084.2245000	-70.1631111
084.2252083	-70.1498333
084.2262917	-69.9856111
084.2273333	-70.1582778
084.2276667	-69.9407222
084.2278333	-70.1699167
084.2279583	-70.1362222
084.2298750	-70.1624167
084.2310417	-70.2701389
084.2327917	-69.9218889
084.2347083	-70.2100000
084.2365833	-70.1611667
084.2424583	-70.6643056
084.2444583	-71.0926667
084.2457083	-70.2707500
084.2460417	-71.3003333
084.2465833	-70.1280556
084.2467917	-69.9540833
084.2537500	-70.1337222
084.2580417	-70.1280833
084.2600000	-70.1669167
084.2615000	-70.1315000
084.2619167	-70.1242778
084.2641250	-70.0760556
084.2650833	-70.0643889
084.2692917	-70.1322500
084.2751250	-69.9433333
084.2752500	-70.6524167
084.2852083	-70.4533611
084.2947083	-69.9484722
084.2958333	-69.3602500
084.3017917	-70.3731389
084.3147917	-70.1812222
084.3185000	-69.9013889
084.3187500	-70.7511389
084.3236667	-68.6712222
084.3245833	-70.2951667
084.3280000	-71.1126389
084.3420417	-68.2802778
084.3435417	-69.4831667
084.3442917	-70.2045000
084.3446250	-70.3955000
084.3480417	-70.1954722
084.3503750	-70.1620000
084.3566250	-70.1330556
084.3577917	-70.0804167
084.3644167	-71.5521389
084.3682500	-69.1951667
084.3698750	-69.9333056
084.3752083	-70.2326667
084.3758750	-71.7921944
084.3760000	-70.3762500
084.3867083	-68.7111111
084.3907083	-70.3853611
084.3910833	-70.6751111
084.3916250	-69.6746944
084.3951667	-69.0917778
084.3976667	-70.0986389
084.3980417	-70.2358333
084.4010000	-69.7390556
084.4015833	-70.1475833
084.4050417	-70.5336944
084.4050417	-70.3464167
084.4065417	-70.4311667
084.4091667	-70.2397222
084.4093750	-70.2683056
084.4097917	-70.4977500
084.4107083	-70.2359167
084.4112083	-70.2377500
084.4114583	-70.2453611
084.4121250	-69.9761944
084.4128333	-70.2379722
084.4132083	-70.1085833
084.4185000	-68.8450556
084.4229167	-70.2601944
084.4246667	-70.2347500
084.4256250	-70.6507222
084.4258333	-69.9806667
084.4327083	-69.5863889
084.4332917	-69.9852500
084.4355000	-69.2457222
084.4459583	-70.8620000
084.4470833	-70.3870556
084.4484583	-70.2302500
084.4495833	-70.8353333
084.4503750	-70.2323889
084.4574583	-70.1713889
084.4595833	-70.3451667
084.4635833	-70.2991389
084.4645000	-70.4777500
084.4707500	-70.0320278
084.4717500	-69.2077778
084.4771250	-70.3969722
084.4893750	-70.1881944
084.4957083	-69.9243333
084.5000833	-69.2817778
084.5087083	-70.1691667
084.5152917	-70.5255000
084.5173333	-69.9514167
084.5185833	-70.2968889
084.5202083	-70.4594722
084.5242917	-71.0708889
084.5319167	-69.9396389
084.5323333	-69.1518056
084.5352917	-70.4404722
084.5394583	-69.7268889
084.5403333	-70.3780278
084.5448750	-71.4070000
084.5487083	-70.7126667
084.5540417	-69.8775556
084.5549167	-70.3516389
084.5567083	-70.2896389
084.5622500	-67.7610833
084.5694583	-69.7201111
084.5695833	-70.5824722
084.5707083	-70.3271667
084.5710417	-70.3818333
084.5712917	-70.4392500
084.5786667	-68.0848611
084.5801250	-70.4633611
084.5814583	-70.2720833
084.5818333	-69.1553611
084.5843750	-70.1946667
084.5965000	-69.8935000
084.6022917	-70.2346944
084.6056250	-68.6574722
084.6111667	-70.3868611
084.6157083	-70.5936389
084.6248333	-70.0906389
084.6255000	-70.1322222
084.6292083	-69.4912778
084.6301250	-68.0622222
084.6310000	-70.4646111
084.6319167	-69.9920000
084.6380417	-70.6520000
084.6439583	-70.5530833
084.6457500	-68.3010833
084.6490417	-70.6081389
084.6496250	-70.3688056
084.6530000	-70.4546111
084.6545000	-69.5729167
084.6574167	-70.6357500
084.6660000	-70.6093889
084.6685000	-70.3550000
084.6687917	-70.1106389
084.6765833	-70.5573611
084.6792917	-70.3581944
084.6807917	-70.6459722
084.6858333	-70.1899167
084.6893333	-70.6031389
084.6906667	-69.8426389
084.6913333	-70.4868889
084.6926250	-69.9358611
084.6940000	-69.6885833
084.6960417	-70.2857778
084.7009167	-69.5859444
084.7067917	-70.0194722
084.7103333	-71.8545278
084.7106250	-70.4942500
084.7129167	-69.8227222
084.7137500	-70.3368333
084.7140000	-70.4933333
084.7207917	-68.2933333
084.7255833	-69.7144167
084.7275417	-70.3497222
084.7276250	-70.3118056
084.7298750	-70.7725833
084.7334583	-70.1424722
084.7343750	-70.3838889
084.7383333	-70.1873611
084.7391667	-70.5743611
084.7451250	-70.3990278
084.7540417	-69.8597500
084.7590000	-70.4376111
084.7661250	-70.3098333
084.7704583	-70.2303611
084.7745417	-69.1263611
084.7786667	-70.1283889
084.7835833	-70.3379444
084.7989583	-71.2265833
084.8025833	-70.5490278
084.8060000	-70.1605278
084.8093750	-70.2362778
084.8131667	-69.3275556
084.8145000	-70.3134167
084.8200417	-70.1099722
084.8202083	-70.1543056
084.8204583	-70.8971944
084.8241667	-70.5737222
084.8244167	-68.3786111
084.8289167	-71.1904722
084.8294583	-70.0746667
084.8302500	-70.0923611
084.8335417	-69.5571111
084.8372917	-70.4816944
084.8440833	-71.7606944
084.8459167	-69.3685833
084.8474167	-71.0126944
084.8565833	-70.3496667
084.8572917	-70.1828611
084.8580000	-71.0878889
084.8606250	-70.0388889
084.8607500	-69.2553611
084.8607500	-69.6172222
084.8612917	-69.8994722
084.8715417	-70.6386667
084.8839167	-70.4678611
084.8843750	-70.3276111
084.8848333	-70.4411944
084.8850833	-70.3633333
084.8875000	-70.5875278
084.8883333	-70.3763056
084.8932083	-71.1399167
084.8947083	-69.1663889
084.8959583	-70.6881111
084.9097500	-70.3886944
084.9115000	-70.0420556
084.9207917	-70.3334167
084.9240000	-70.3687222
084.9244583	-69.6139722
084.9254167	-71.0204444
084.9314167	-71.1469722
084.9347083	-70.2746111
084.9366250	-70.3205000
084.9370417	-70.5132222
084.9412500	-69.9014167
084.9425417	-69.7910000
084.9447083	-70.3250000
084.9469167	-70.4118889
084.9472500	-70.0213333
084.9483333	-70.0651667
084.9590000	-70.2240000
084.9635833	-70.4812222
084.9693750	-70.4318889
084.9702083	-70.0807222
084.9735417	-67.8357778
084.9790000	-71.4243611
084.9820000	-70.2534722
084.9884583	-68.5962222
084.9925000	-69.0057500
084.9961250	-70.7781111
084.9968750	-70.3295278
085.0030833	-70.7099722
085.0077083	-70.5175556
085.0077083	-70.2702778
085.0138333	-71.0360556
085.0190417	-68.8521667
085.0200000	-69.3711111
085.0215833	-70.5031667
085.0262917	-70.3920833
085.0327917	-70.2512500
085.0340000	-70.3599722
085.0360000	-70.7910000
085.0415000	-70.4626389
085.0451667	-70.4085000
085.0496667	-69.3818333
085.0530000	-69.9610833
085.0534167	-69.6355833
085.0542917	-70.4430278
085.0647917	-70.3315000
085.0706667	-70.0889722
085.0749583	-70.9607222
085.0762083	-68.7064722
085.0858333	-69.3965278
085.0949167	-70.8300833
085.0984167	-70.4288889
085.1005833	-71.1863333
085.1030417	-69.8720833
085.1100000	-70.3628889
085.1111250	-70.3327500
085.1195833	-70.1773611
085.1207500	-71.3904167
085.1297500	-70.3985556
085.1324167	-70.3501667
085.1324583	-68.7918056
085.1333750	-70.4747500
085.1346667	-70.3005833
085.1354167	-70.3885556
085.1360417	-70.0261944
085.1376250	-70.3409444
085.1377917	-70.5399722
085.1391667	-70.0307222
085.1427500	-71.1415556
085.1434167	-69.5984722
085.1466250	-69.0992778
085.1482083	-69.7457222
085.1580000	-69.9266389
085.1650417	-70.7675000
085.1656250	-70.6412778
085.1695417	-71.2224722
085.1700833	-71.1385278
085.1789583	-70.3650278
085.1794167	-70.5693056
085.1822500	-70.3480833
085.1826250	-69.6577778
085.1870000	-69.4558611
085.1913333	-68.7347500
085.1959583	-69.9339722
085.1980833	-70.4912500
085.2049167	-68.3889167
085.2164167	-70.3768333
085.2187917	-70.9751111
085.2260000	-70.2684722
085.2269583	-70.5489722
085.2415833	-70.2846111
085.2469167	-70.2652222
085.2473333	-68.5222500
085.2557083	-71.8619167
085.2720833	-70.3268056
085.4742083	-70.1621944
085.2746250	-69.0552222
085.2769167	-70.4052500
085.2825000	-70.3819722
085.2872917	-69.6189722
085.2879167	-70.4028889
085.2939167	-68.4295000
085.2960833	-70.5968889
085.2963750	-69.5409444
085.2967917	-69.5427778
085.2988333	-70.3652222
085.3056667	-70.7954167
085.3070833	-69.0644167
085.3085417	-70.9342500
085.3102083	-68.9213889
085.3183333	-70.3071944
085.3210833	-72.4134722
085.3213750	-72.1985278
085.3222917	-70.1251944
085.3225833	-70.2773611
085.3247083	-70.7398611
085.3288750	-70.3806944
085.3362917	-71.1826667
085.3409583	-70.4402500
085.3456667	-70.1977500
085.3482917	-70.2827500
085.3512500	-70.2966111
085.3533333	-68.7182222
085.3601667	-70.3262500
085.3625000	-69.1712222
085.3631667	-69.8885833
085.3640000	-71.9400556
085.3645833	-70.7958889
085.3720417	-69.9175000
085.3815000	-68.7943889
085.3925417	-70.2895833
085.3941667	-70.8481944
085.3966250	-70.2928056
085.3970417	-70.9641944
085.4010000	-69.6936389
085.4180000	-72.1265833
085.4405833	-71.2139167
085.4435000	-71.3166667
085.4483333	-70.2975278
085.4522083	-68.6878056
085.4600833	-70.3933889
085.4609167	-70.4182500
085.4641667	-69.4034444
085.4680000	-69.8270278
085.4730417	-70.5281389
085.4836667	-70.5059722
085.4879167	-71.0977778
085.4898333	-70.8487222
085.4922917	-70.2215000
085.4944167	-69.3631111
085.5113333	-70.2138611
085.5125833	-70.3551667
085.5175833	-70.1026944
085.5207500	-68.3735000
085.5237917	-68.8817500
085.5258333	-68.5924444
085.5264167	-70.7900556
085.5329583	-69.0053611
085.5381250	-69.2079444
085.5382083	-71.3702222
085.5446250	-68.0210000
085.5497083	-68.8388611
085.5504167	-71.2022778
085.5567500	-70.1537778
085.5631667	-68.3487500
085.5645833	-71.1815000
085.5661667	-70.0946389
085.5680833	-69.8773889
085.5692500	-70.6033611
085.5718750	-69.9954167
085.5755833	-70.3743333
085.5880833	-70.5446944
085.5897083	-70.2492500
085.5917917	-68.1439444
085.5958333	-69.8561389
085.6046250	-70.3135556
085.6052917	-70.6458333
085.6091250	-68.5653889
085.6174167	-71.1043333
085.6187083	-69.7823333
085.6227083	-69.9661111
085.6272500	-70.0772778
085.6284583	-71.0001111
085.6311250	-71.0758333
085.6343333	-70.1193333
085.6357500	-68.5100000
085.6402083	-70.1161667
085.6607083	-70.0928889
085.6621667	-68.6706667
085.6696250	-71.7722500
085.6708750	-70.2006667
085.6812083	-70.4949167
085.6837917	-68.5864722
085.6839583	-68.5542500
085.6879167	-67.9209167
085.6952917	-67.8552500
085.7000833	-71.2918611
085.7063333	-70.1167500
085.7070417	-70.9111389
085.7074167	-70.8015000
085.7080000	-68.0098333
085.7082083	-70.7101111
085.7127083	-70.1367500
085.7202083	-70.6698889
085.7238333	-71.1419444
085.7250000	-69.7336944
085.7302500	-69.9308056
085.7338333	-71.0787222
085.7351250	-70.5310833
085.7425417	-72.3421944
085.7538333	-68.0117222
085.7616250	-71.1052500
085.7617083	-70.3802222
085.7748750	-69.4906944
085.7817917	-71.3354444
085.7855000	-71.6370833
085.7879167	-69.6108056
085.7937083	-69.4696667
085.7960417	-70.5847778
085.8008333	-72.4607222
085.8058750	-71.0394444
085.8079167	-71.0537222
085.8115000	-67.7905278
085.8357083	-71.1466111
085.8637917	-69.6055278
085.8907083	-70.5125833
085.8915000	-69.3112778
085.8988333	-69.1297222
085.9079583	-70.5701944
085.9147917	-71.9891389
085.9160417	-69.7380278
085.9173750	-70.4545556
085.9196667	-70.1357500
085.9209167	-71.2534167
085.9572083	-70.4493889
085.9807500	-71.7441389
085.9815833	-70.4530000
085.9932917	-68.9028056
085.9952500	-69.4873611
085.9957083	-70.4164444
085.9990417	-68.8570833
085.9994583	-70.5217222
086.0042917	-71.0007500
086.0109583	-68.8207778
086.0115000	-68.1686944
086.0410417	-69.2085278
086.0592500	-70.6870556
086.0615417	-69.8610833
086.0630417	-70.5560556
086.0699167	-69.8645556
086.0700833	-69.3040833
086.0855833	-72.0257222
086.0872917	-69.8647500
086.0879167	-68.5493889
086.0936667	-70.7265000
086.0957500	-70.6820000
086.0965417	-70.4403333
086.0987083	-71.6219167
086.1000417	-71.0936667
086.1035417	-69.9754722
086.1142917	-70.4360556
086.1144583	-69.5258889
086.1251667	-71.3770000
086.1330000	-70.7964722
086.1356250	-70.0256667
086.1385833	-71.4923056
086.1418750	-70.9923611
086.1478333	-68.6045000
086.1513750	-72.1525000
086.1516667	-70.6514722
086.1558750	-70.4814444
086.1585833	-71.0016944
086.1592500	-70.6267778
086.1700833	-69.9203056
086.1702500	-69.6958889
086.1870000	-71.0121944
086.1920000	-70.0517500
086.1984167	-68.8894444
086.2102083	-70.3748889
086.2153750	-68.5316944
086.2157917	-68.4760000
086.2168333	-68.6461667
086.2367083	-69.6426111
086.2427083	-68.0579722
086.2507083	-70.7446944
086.2557500	-70.4871111
086.2572917	-69.4922778
086.2666667	-70.4506389
086.2827917	-71.9802778
086.2853333	-69.6503333
086.3180417	-70.7764444
086.3263333	-70.1915000
086.3364583	-69.6515000
086.3375833	-68.3028333
086.3377500	-70.8185000
086.3425833	-70.8363333
086.3645000	-70.4234722
086.3671250	-69.2867500
086.3687500	-70.4503056
086.3833750	-67.7823889
086.3861667	-72.3694167
086.3938333	-67.9668333
086.3970833	-70.7082222
086.4004167	-70.1233889
086.4148750	-71.3876111
086.4197500	-70.5306111
086.4213333	-69.9313889
086.4251667	-70.4175278
086.4270833	-67.8898333
086.4302917	-69.4873611
086.4380417	-70.4081389
086.4386250	-67.9095278
086.4415000	-69.0055833
086.4724167	-69.1969722
086.4777500	-70.5955833
086.4802083	-70.9065556
086.4806250	-70.4482500
086.4945833	-69.4995556
086.5001250	-70.7854722
086.5076250	-69.2790000
086.5097083	-71.1915833
086.5173333	-70.0599722
086.5274167	-70.1969167
086.5278750	-70.1006667
086.5350417	-67.8538333
086.5440833	-69.2812778
086.5450000	-71.0016667
086.5533333	-70.2668056
086.5567500	-72.0537222
086.5590417	-69.0730556
086.5595833	-70.6885833
086.5691667	-71.2914444
086.5755417	-71.1554167
086.5843333	-68.2465556
086.5913750	-70.3524722
086.5927083	-69.9222500
086.5931667	-69.0280000
086.5993750	-71.7328056
086.6016250	-71.1098333
086.6093750	-68.6289167
086.6170833	-70.6362222
086.6275417	-69.4961667
086.6285417	-70.9235833
086.6320417	-67.7793333
086.6381250	-68.4302778
086.6473333	-69.8278333
086.6486667	-69.1178611
086.6507500	-68.1842778
086.6535000	-70.7335278
086.6552083	-70.7015278
086.6669583	-69.7618889
086.6707500	-68.0079167
086.6800417	-67.8052778
086.6824583	-70.6808333
086.6928333	-70.5128333
086.6968333	-69.5068333
086.7011667	-69.1974444
086.7036667	-70.1624167
086.7179167	-70.7790556
086.7527500	-71.5490556
086.7532917	-70.7721667
086.7642083	-69.0928333
086.7908750	-69.4556944
086.7982500	-72.1715000
086.8022500	-70.6868333
086.8153750	-70.6547500
086.8207500	-70.3158889
086.8375833	-69.0670278
086.8418750	-69.8136944
086.8432500	-70.1815000
086.8522083	-70.7593611
086.8542083	-69.3893889
086.8549167	-70.7060833
086.8617500	-69.0903889
086.8705833	-70.3810833
086.8707917	-70.6791389
086.8742500	-68.4178056
086.8809583	-68.7907222
086.8839167	-68.9271944
086.8858750	-70.1595278
086.8865417	-70.6749444
086.8941250	-70.0865833
086.8945833	-70.5206389
086.8967500	-70.8576389
086.9015417	-70.5528611
086.9359583	-70.4841667
086.9405417	-70.6891667
086.9439583	-68.7234722
086.9725833	-70.6439167
086.9734583	-70.8777500
087.0132500	-70.7178333
087.0138333	-70.5860833
087.0289167	-71.5059444
087.0309583	-70.4216667
087.0480833	-69.1458889
087.0532500	-70.7147778
087.0619167	-70.2076389
087.0639583	-70.4721111
087.0650417	-69.7090556
087.0756667	-71.4588333
087.0787917	-69.1687500
087.0995417	-70.4756111
087.1341667	-70.4138889
087.1352917	-70.7152778
087.1521667	-69.7413889
087.1661667	-69.9594722
087.1841250	-69.4279167
087.1896250	-70.4545278
087.2052500	-71.9178611
087.2127083	-68.9619722
087.2132500	-69.3869167
087.2170000	-70.8415833
087.2201667	-70.0174722
087.2335417	-70.5006389
087.2357083	-71.0759722
087.2727917	-69.3223611
087.2822500	-70.4337500
087.3065000	-69.3779722
087.3089583	-71.1647500
087.3186250	-70.7172778
087.3607917	-69.4817500
087.3620000	-70.3134722
087.3650417	-71.5350833
087.3701250	-70.3776667
087.3802083	-69.7546944
087.3887083	-71.0842500
087.3912500	-71.0251667
087.4227083	-70.9292778
087.4294583	-71.1336111
087.4528750	-69.7209722
087.4554167	-71.4462778
087.4567917	-70.4288056
087.4633333	-70.0039722
087.4712083	-71.6753333
087.5205000	-70.6015556
087.5243333	-70.5918611
087.5332083	-69.9100000
087.5462917	-69.6894167
087.5577917	-69.6165833
087.5812083	-69.1512500
087.5824583	-70.2599722
087.5947083	-68.7632778
087.6522500	-70.1614722
087.6625417	-70.2348333
087.6756667	-68.7888056
087.6785417	-69.6001667
087.7327500	-69.5180833
087.7377083	-69.6753056
087.7397500	-70.0195278
087.7516250	-69.4254722
087.7650417	-70.3983611
087.7717917	-69.9750000
087.7839167	-70.2220833
087.8408750	-69.4748056
087.8605417	-69.0621111
087.9359583	-69.7673333
087.9646667	-69.7362500
087.9694167	-71.1078333
087.9911667	-69.8800833
087.9951250	-70.9868056
088.0137083	-69.4515833
088.0245000	-70.7509167
088.0443333	-69.6184167
088.0657917	-69.8871667
088.0797917	-70.7960000
088.1177917	-72.0248611
088.1354167	-69.6039444
088.1920000	-68.7849722
088.2267500	-69.4943611
088.2341667	-69.7901111
088.2386250	-69.4873056
088.2394583	-70.6017500
088.2550000	-69.4938889
088.2732500	-69.4837222
088.2827917	-69.5061111
088.2865417	-69.5024722
088.3092500	-68.3825000
088.3176250	-69.3226944
088.3225000	-69.5013889
088.3607083	-69.3390556
088.3837917	-69.0807222
088.3838333	-69.8124722
088.3975417	-69.5352222
088.4161667	-69.9331389
088.4665833	-69.6910278
088.5042917	-69.8400000
088.5195833	-69.3903889
088.5380000	-68.8645833
088.5518333	-69.6009167
088.5583750	-69.6125000
088.6140833	-69.9250000
088.6375833	-68.9870000
088.6745833	-69.1813333
088.8360833	-68.6889167
088.8785000	-69.4729167
088.9710000	-70.1606944
088.9787083	-68.5033889
088.9882083	-69.5351389
089.0519167	-70.3931944
089.1210833	-68.7181111
089.1622083	-69.2822222
089.1652917	-69.4216944
089.2512917	-70.0293889
089.3517917	-69.6401944
089.3707083	-69.1903889
089.3875833	-69.1961111
089.3880417	-69.2004722
089.3935417	-69.2032778
089.3936667	-69.1927222
089.4452917	-68.6845000
089.4555000	-68.4617500
089.4934167	-69.4277500
089.5000000	-68.4499722
089.5255833	-69.2755278
089.6033750	-68.8245833
089.6251667	-69.1102500
089.6402500	-68.6107778
089.6546667	-68.4924722
089.6626250	-69.7962222
089.6847083	-70.2118889
089.7187917	-69.1703889
089.7259583	-68.5192222
089.8378750	-69.9224444
089.8834167	-70.5443333
090.0996250	-68.5562500
090.3930000	-69.7807778
090.4922917	-69.4246667
090.4998333	-71.1950556
090.6014583	-69.2540000
090.6088333	-71.9256389
090.7137500	-68.4125000
091.1772500	-68.5360556
091.2244583	-69.2023611
091.3022083	-70.7073611
091.3047083	-68.3576111
091.4106250	-69.5460833
091.4176250	-69.5637222
091.4415417	-73.0083889
091.5832917	-71.6315833
091.5919583	-69.4794444
091.6324583	-71.5924444
091.6390833	-71.6072222
092.0335417	-68.9497500
092.0434583	-70.7791944
092.6734583	-71.5287500
092.8825417	-69.1237778
092.8931667	-71.1615278
092.9222917	-72.8408889
092.9649583	-72.5735278
093.3164167	-72.5941111
093.8587917	-71.1156944
073.0454583	-69.9157500
075.0835417	-68.3375556
075.0928750	-68.6249722
075.2612083	-68.6755278
078.8300000	-70.0432222
078.9700417	-69.7656111
078.9991250	-69.5130833
080.2916667	-69.4518333
080.3087917	-70.1476111
082.8985833	-70.0948333
083.1353333	-67.7612500
083.2894583	-71.5283611
084.1410833	-68.1065833
092.7729167	-71.0868889
