ra dec parallax parallax_error
268.63001986  30.41045642   0.64875060   0.30795088
319.09467068 -30.28421400   1.04953373   0.26178639
171.62345044 -17.91440807   0.90883081   0.27758706
238.37938957  12.96110460   0.77116356   0.28538868
 31.96670632 -26.86633536   1.69432624   0.45183785
153.35051028 -13.13824735   0.59326699   0.33629675
193.79367252  -5.45907173   0.15369294   0.37930136
308.13161353   0.58517616   0.74535553   0.25218495
293.08657377 -23.85377307   1.27800440   0.41680760
269.05131892 -57.16219563   0.41808213   0.25884867
328.39724096 -82.77895677   0.90310996   0.28361582
 19.56250431 -39.21261451   1.11262970   0.33247018
311.86820502  12.46410796   1.66148688   0.22392588
 15.16802908 -15.95776855   0.73384932   0.24775836
173.47695079  -0.03344855   1.13438445   0.71893493
230.58931207  26.87712501   0.52589295   0.24906462
 39.27453944 -42.96331099   2.15706054   0.22783131
190.01308262  27.49886988   0.46038348   0.27534765
128.22974569  13.19110098   0.80068492   0.39637477
232.66337173  35.78448362   0.68855695   0.32616227
123.13254563   2.83469453   0.38555959   0.40294642
163.26064691 -49.90638054   1.15670428   0.24731727
 74.07512089 -21.21747796   1.15942580   0.23511093
354.63708635  -9.31877686   0.82455854   0.28470790
240.13392915  46.92389161   0.44695046   0.24350009
299.50027105 -65.73623866   1.02001687   0.27668666
  0.70067599 -24.94537341   1.52249822   0.29713947
318.82420619   0.07611921   0.76106066   0.23006477
209.39183009  29.85792809   0.22375658   0.35889043
199.46383086  20.78062421   0.36981052   0.30423412
207.06646772  39.90065707   0.37740762   0.22881773
222.20789064 -71.32827420   0.75841813   0.25852188
  1.02149696 -16.99766982   0.53904171   0.25727429
293.12274470  56.38809188   1.56300785   0.22618780
 72.52757815 -50.65699964   0.77168229   0.36049983
187.62692735 -26.04746772   1.32019313   0.24443312
187.61539461  40.50879065   0.40744589   0.24689855
270.76782698 -52.72253272   0.73974084   0.46855509
248.88163370  57.83972896   0.58466206   0.23416658
223.02216232 -79.67954961   0.71206787   0.29840259
174.48536312  67.32941429   1.43036008   0.28377571
188.19002015  27.02921183   0.42512820   0.31544635
237.82077304 -15.75114918   1.09024167   0.34365889
233.81972554 -24.33688534   0.69588039   0.44097098
116.27626370  43.11155876   0.49559193   0.28554649
 72.43448037 -15.74121975   1.82766983   0.28372160
216.91278746  -0.90168462   0.87415230   0.61308032
 28.78455106  43.76568391   0.37919526   0.26546147
211.61648899  37.82811120   1.27563706   0.23672484
173.26558997  12.15373479   0.59217663   0.33123338
174.63612593  10.56144104   0.72167764   0.31920035
200.04819877   9.18773525   0.14346222   0.26829523
221.27477330  41.02870724   0.71569866   0.23592552
 33.81221592 -10.80028654   0.94742420   0.32435148
349.82188596 -24.21640372   0.52877902   0.24609028
330.72498435 -21.52568039   0.92132986   0.26297236
181.19666807 -27.67889045   1.24698159   0.29159835
319.88499179 -15.11706228   0.53471082   0.29337379
355.56801670  24.91609719  -0.07612161   0.33644716
 18.60892079  24.41548765   1.43541565   0.29530578
  5.92950840  29.40092877   1.76546472   0.26120298
107.89590136  40.77695655   0.83719846   0.30724008
230.60573505 -40.92679669   2.74307707   0.23627784
247.66978660  18.36690893   0.90407325   0.24213984
177.23425633 -10.44141360   0.63308995   0.47080171
285.55032154 -46.65384094   1.42714411   0.30962053
206.63079049 -84.40171012   1.13466950   0.23169445
118.43102298  19.27319703   0.71263755   0.28933474
209.69308026  12.95159924   0.21477822   0.25960563
110.38971254  30.88318861   0.74165236   0.25920472
 26.24858604 -30.05942271   0.43962297   0.32273748
109.32986188   1.72779248   0.81946983   0.23064935
294.51408632 -60.61101477   0.67193258   0.38306870
110.14817500 -46.70835603   1.19292854   0.21385822
182.14595616  -0.45676283   1.35212752   0.31567661
122.11754382 -16.53324849   0.77273500   0.26332483
 19.62797257 -67.91816120   0.84990912   0.25888468
221.89683444  16.84527305   1.21132182   0.26417315
275.65821711  32.95919588   0.59448476   0.22432070
200.88885619 -16.66626300   0.58981708   0.40913775
343.25421507  15.78768233   1.39778364   0.22110404
 14.54050022 -63.39573636   0.71863177   0.24981273
222.93601801  60.06903716   0.32393886   0.23407356
214.15239926  42.35977952   0.75552716   0.23254662
 47.12896832  10.44552275   2.02472424   0.22278139
289.58597082  66.41344333   0.70378739   0.43366072
287.42762803  64.85894176   1.42797771   0.20857829
172.45170636  30.06710483   1.46806226   0.31271098
258.26658641  35.97854172   0.81306519   0.34707841
317.87416072 -45.07490512   1.10396586   0.27261744
203.32515631  53.98720996   0.74134651   0.23092262
201.19997610  -6.97940386   0.65071237   0.43036157
218.38841312  31.75461252   1.51637945   0.27961706
246.17171949  -6.54161820   1.90111523   0.46141772
184.44396537  69.51059011   1.00930072   0.23141922
324.03878321 -77.30388010   0.44003882   0.26538355
201.55557215  56.25696411   0.41501809   0.34461349
328.01170808  22.57479140   1.52544201   0.22891660
291.36568177  42.78354310   3.63863348   0.23347159
273.57913980  76.68578887   0.54263065   0.23328722
 52.59330717 -36.05377958   0.77188047   0.26753079
174.50847793  16.54333040   0.53297894   0.27627103
154.02078244 -29.72865845   0.82801552   0.22792308
248.10410615 -83.90341794   2.01614584   0.22535023
208.81159624 -43.24032489   0.80325347   0.73344767
217.04069506   6.54553481   0.64727654   0.35682322
244.85760306  29.71312091   0.49848628   0.28180420
 23.84877537 -35.12860871   0.69704134   0.23909132
206.26230558  32.65464172   0.64880768   0.25573774
135.78195297  44.58541191   1.52942942   0.40093807
315.37038447 -15.22991532   0.27501908   0.26793066
325.31992745  24.77344984   1.43702700   0.67052891
281.98989346 -37.73970052   0.85713330   0.27141003
  8.40938753 -15.48769189   0.99686827   0.32462487
 93.31143008 -37.25011871   0.41914896   0.22863789
 78.78261811 -41.62815316   1.53510183   0.40243386
 73.40646588 -19.43362619   0.67453400   0.30226877
 47.96717332 -11.35411795   1.33609677   0.26270156
182.81068523  47.82876259   0.93481019   0.26620098
324.03501488   3.23036904   0.63683327   0.28418017
139.77513890  29.06532936   0.74198269   0.93489240
 37.13524989  -8.35836549   0.46155180   0.28985012
116.19509475 -13.09897790   0.52833106   0.26156822

